0 [0.90839726 0.55000469] [0.9916303  0.99671613]
1 [0.29478007 0.22809766] [0.01614247 0.10053411]
2 [0.25152645 0.16825518] [0.07721128 0.08522601]
3 [0.51506223 0.23548531] [0.77654281 0.78773523]
4 [0.85717643 0.58109036] [0.51273497 0.12886003]
5 [0.68350723 0.75563664] [0.52919452 0.69060366]
6 [0.71940863 0.10213137] [0.28099404 0.78993582]
7 [0.09688668 0.14450162] [0.23053994 0.29513507]
8 [0.77913369 0.83211352] [0.4782063  0.93207943]
9 [0.78688623 0.10723681] [0.30411434 0.14821177]
10 [0.63020686 0.26939073] [0.74755254 0.96524517]
11 [0.96610505 0.21176599] [0.67905738 0.19057712]
12 [0.271314   0.15519857] [0.87035609 0.77097061]
13 [0.72503041 0.78798112] [0.32016576 0.98637479]
14 [0.53778052 0.88958162] [0.25649358 0.93952274]
15 [0.17024073 0.7229856 ] [0.60944787 0.92525055]
16 [0.82613201 0.14642632] [0.87635227 0.94902086]
17 [0.9139578  0.51154773] [0.95027646 0.965516  ]
18 [0.20790967 0.88621081] [0.99453561 0.41079691]
19 [0.26352508 0.70112413] [0.60900705 0.68405643]
20 [0.01486481 0.49700707] [0.92320807 0.51015592]
21 [0.15840701 0.97442646] [0.14853718 0.16290553]
22 [0.27336097 0.43753878] [0.7250384  0.26485715]
23 [0.13858429 0.84587354] [0.99412255 0.13780777]
24 [0.13351687 0.82040696] [0.86994895 0.15567913]
25 [0.43101777 0.68395207] [0.21531498 0.98861459]
26 [0.51555156 0.03641076] [0.86568174 0.53881949]
27 [0.99572041 0.93515594] [0.99716352 0.73668015]
28 [0.760834  0.2244384] [0.27665357 0.16571922]
29 [0.78758549 0.3987779 ] [0.60290261 0.59633395]
30 [0.12636499 0.55959908] [0.65302598 0.98303494]
31 [0.7764712  0.67494364] [0.54605161 0.32477571]
32 [0.91836138 0.72312427] [0.30206546 0.29539663]
33 [0.21099486 0.4183168 ] [0.71799188 0.27348189]
34 [0.52708487 0.57567961] [0.3142091  0.34602267]
35 [0.98737945 0.06598391] [0.40909475 0.11392056]
36 [0.79565327 0.83990684] [0.46442222 0.22323718]
37 [0.51180227 0.53101405] [0.83853838 0.95264657]
38 [0.76157548 0.38284533] [0.82674645 0.71572496]
39 [0.27427069 0.44896545] [0.26519815 0.62895518]
40 [0.1772149  0.39828757] [0.00024744 0.10961644]
41 [0.50344674 0.80007188] [0.07264283 0.38725989]
42 [0.15971864 0.32555317] [0.31140764 0.56674511]
43 [0.35184499 0.57985203] [0.58743938 0.05092919]
44 [0.94867919 0.18612589] [0.69748704 0.14753994]
45 [0.25261191 0.97980979] [0.80220867 0.97531826]
46 [0.03095934 0.169091  ] [0.29563015 0.95963437]
47 [0.06695445 0.96860369] [0.47452858 0.03908125]
48 [0.51711754 0.24930132] [0.74975533 0.83311114]
49 [0.14582054 0.67294686] [0.13191349 0.92382443]
50 [0.13698714 0.12155767] [0.04130104 0.94782528]
51 [0.54762803 0.26832503] [0.90327858 0.89555297]
52 [0.79698255 0.71478329] [0.28929003 0.42073274]
53 [0.26791537 0.02253045] [0.63907684 0.70794353]
54 [0.46955975 0.2382239 ] [0.42042904 0.13765859]
55 [0.97099995 0.86069508] [0.18491707 0.37056774]
56 [0.67604186 0.11231449] [0.46727332 0.00516399]
57 [0.37996741 0.90822127] [0.09884494 0.85185158]
58 [0.62902015 0.01771792] [0.07830625 0.24847572]
59 [0.09133681 0.94935716] [0.92404508 0.64226329]
60 [0.45467413 0.34680494] [0.46404194 0.9536757 ]
61 [0.56421593 0.26620395] [0.45871056 0.36437264]
62 [0.80166504 0.37888115] [0.9450614  0.22735264]
63 [0.11882786 0.00844752] [0.48384301 0.1432764 ]
64 [0.02130249 0.98281087] [0.56381217 0.08887256]
65 [0.89829939 0.69909815] [0.38579202 0.05170637]
66 [0.2134287  0.32775128] [0.31901674 0.07624358]
67 [0.69814743 0.65759042] [0.20829129 0.90152554]
68 [0.05396799 0.88968191] [0.52775967 0.64688179]
69 [0.42947615 0.96157632] [0.58737511 0.0645523 ]
70 [0.33706472 0.93456529] [0.50352207 0.37633392]
71 [0.92213619 0.76039746] [0.6999948  0.41309735]
72 [0.52503075 0.88681737] [0.44695149 0.23077398]
73 [0.65494266 0.98310865] [0.93197905 0.15930955]
74 [0.85640345 0.73616885] [0.8169843  0.70511784]
75 [0.00207318 0.95812176] [0.74730953 0.71361396]
76 [0.80528536 0.00409114] [0.10460797 0.13702395]
77 [0.58073076 0.75625201] [0.25135223 0.11108075]
78 [0.00169898 0.54362577] [0.70307744 0.20355128]
79 [0.35929426 0.8950622 ] [0.36324828 0.11145773]
80 [0.72497137 0.30095047] [0.52348311 0.5270408 ]
81 [0.13207142 0.62097539] [0.07151927 0.16627716]
82 [0.63148675 0.75328831] [0.54122157 0.21669463]
83 [0.30187792 0.24756382] [0.74171369 0.86779634]
84 [0.16347421 0.76303868] [0.51037978 0.82926216]
85 [0.82817137 0.89367127] [0.31429814 0.42036071]
86 [0.08782685 0.19924134] [0.9582024  0.47172563]
87 [0.35131441 0.80699576] [0.85545778 0.04273053]
88 [0.21790176 0.01367578] [0.83982386 0.66234397]
89 [0.56370247 0.78962461] [0.64617728 0.55098587]
90 [0.90882311 0.37832541] [0.08057755 0.26585387]
91 [0.61515541 0.20831353] [0.07619794 0.82117511]
92 [0.98778544 0.2156573 ] [0.37511575 0.92631719]
93 [0.74656002 0.37500516] [0.50041621 0.16760138]
94 [0.11730793 0.84938614] [0.20860751 0.59785092]
95 [0.23479376 0.48883769] [0.6000867  0.09215101]
96 [0.54478541 0.25377429] [0.14516452 0.66299737]
97 [0.62026022 0.72551524] [0.28251171 0.29953888]
98 [0.30847396 0.7660113 ] [0.61026356 0.87494638]
99 [0.7127001  0.12153087] [0.26435715 0.9176313 ]
100 [0.29756866 0.66458926] [0.98287889 0.97581651]
101 [0.66665561 0.52641524] [0.6256861  0.01398883]
102 [0.7847906  0.71439515] [0.93785732 0.31844731]
103 [0.79212208 0.05444038] [0.83381774 0.69463849]
104 [0.60398015 0.21083245] [0.00728622 0.12034123]
105 [0.1947386  0.97756196] [0.92366479 0.87512183]
106 [0.0464802 0.8698774] [0.46451556 0.71735534]
107 [0.44704909 0.79599906] [0.03246496 0.56614185]
108 [0.50920605 0.84890598] [0.1332492 0.9343226]
109 [0.3482286  0.00157661] [0.04644191 0.53857861]
110 [0.16869896 0.69907144] [0.644361   0.30601339]
111 [0.01539178 0.12589907] [0.29502075 0.39470191]
112 [0.58940935 0.66920631] [0.80720443 0.61414153]
113 [0.99470009 0.93493113] [0.09736297 0.53554336]
114 [0.41771691 0.59984243] [0.42070849 0.63260997]
115 [0.07060889 0.21272962] [0.08266031 0.32616994]
116 [0.020205   0.75959329] [0.7224607  0.47240364]
117 [0.07395268 0.06882907] [0.75695854 0.73049693]
118 [0.09576719 0.40759304] [0.42138865 0.64508768]
119 [0.17463783 0.38894086] [0.50821554 0.87112446]
120 [0.51357216 0.88478381] [0.55267977 0.77637421]
121 [0.49993084 0.92387925] [0.78518217 0.89778412]
122 [0.03852038 0.01662445] [0.51283821 0.65126283]
123 [0.92910838 0.37320026] [0.19918476 0.9000989 ]
124 [0.79576856 0.50348401] [0.54168689 0.02854569]
125 [0.19116128 0.6880335 ] [0.4401512  0.13745122]
126 [0.19555941 0.61675071] [0.1723443  0.15150358]
127 [0.11619176 0.33202756] [0.06454328 0.28430772]
128 [0.13068406 0.76898527] [0.31145275 0.18191188]
129 [0.85598924 0.55953654] [0.06124689 0.80896362]
130 [0.30888142 0.33053828] [0.39710571 0.08354151]
131 [0.48730462 0.47324271] [0.41125604 0.01697495]
132 [0.95385853 0.86272103] [0.81295333 0.13049531]
133 [0.98069157 0.03385966] [0.63103261 0.30428874]
134 [0.71944091 0.69960484] [0.08027501 0.72835949]
135 [0.04667254 0.16359753] [0.05154598 0.71744915]
136 [0.81792601 0.45777685] [0.66632207 0.37257833]
137 [0.30428843 0.1101413 ] [0.15576847 0.67146913]
138 [0.53830123 0.33306209] [0.31829579 0.20059074]
139 [0.995236   0.15106686] [0.04171849 0.41898871]
140 [0.22215829 0.3533848 ] [0.339186  0.1325644]
141 [0.58852246 0.83524309] [0.10918383 0.62397962]
142 [0.78679414 0.47532168] [0.70166194 0.12362733]
143 [0.22269353 0.57600896] [0.59467693 0.31502701]
144 [0.20101039 0.74223375] [0.39459965 0.93992121]
145 [0.23197125 0.28727771] [0.99385942 0.58528644]
146 [0.14754787 0.57104905] [0.61209492 0.5087331 ]
147 [0.00793994 0.16711767] [0.70911707 0.24762759]
148 [0.02859991 0.6933806 ] [0.44599946 0.71717334]
149 [0.20369643 0.07284876] [0.89611709 0.97826666]
150 [0.7421389  0.33971558] [0.37206029 0.47156936]
151 [0.35481447 0.02170058] [0.37078233 0.05756359]
152 [0.23635037 0.62894827] [0.47559053 0.69444808]
153 [0.49033762 0.13615272] [0.84618784 0.53968693]
154 [0.20351991 0.49401728] [0.66149332 0.64325804]
155 [0.10152185 0.16915057] [0.40908643 0.8566922 ]
156 [0.63152497 0.79101958] [0.25644998 0.89295864]
157 [0.15953449 0.72291704] [0.2801781 0.062928 ]
158 [0.70743695 0.06225706] [0.84495383 0.85501882]
159 [0.28521809 0.57990815] [0.40714349 0.40990245]
160 [0.55004379 0.33149102] [0.10573373 0.9293251 ]
161 [0.27293932 0.37262083] [0.90387872 0.65392111]
162 [0.42697088 0.62001868] [0.22983715 0.42188304]
163 [0.18066754 0.62402535] [0.49734666 0.43614219]
164 [0.58538518 0.63389236] [0.46373974 0.37688325]
165 [0.76339121 0.6542645 ] [0.75735248 0.46112147]
166 [0.80989169 0.02699964] [0.63526961 0.99641063]
167 [0.35086316 0.68201431] [0.5776043  0.60547153]
168 [0.63052901 0.69802798] [0.75891151 0.38963026]
169 [0.48383635 0.52042238] [0.66707812 0.12623087]
170 [0.32446952 0.2166707 ] [0.53392654 0.17369083]
171 [0.97500152 0.89565025] [0.18000104 0.6812722 ]
172 [0.7715455  0.90312513] [0.00447256 0.83036176]
173 [0.53816025 0.45938289] [0.86076105 0.8574992 ]
174 [0.29431753 0.03224312] [0.23574229 0.64244973]
175 [0.8759283  0.24369922] [0.65503538 0.75995195]
176 [0.5012129  0.67851156] [0.95458457 0.31908554]
177 [0.51025007 0.40729069] [0.04020394 0.69490036]
178 [0.32631717 0.05025938] [0.07370294 0.71024039]
179 [0.79865449 0.70293287] [0.86550076 0.11301404]
180 [0.43662271 0.41527762] [0.8486987 0.6163508]
181 [0.84063527 0.79378527] [0.07164345 0.00648803]
182 [0.65671527 0.52855058] [0.17486336 0.24148331]
183 [0.84808111 0.24975334] [0.31067639 0.23804293]
184 [0.80984132 0.353349  ] [0.84762115 0.72317488]
185 [0.69262235 0.44259843] [0.85439229 0.70997011]
186 [0.47845943 0.03345551] [0.29221431 0.64656206]
187 [0.90389729 0.20873182] [0.34951872 0.46223555]
188 [0.37911703 0.86001834] [0.48556121 0.19054863]
189 [0.57465554 0.45564795] [0.66492008 0.67690727]
190 [0.0629794  0.48624416] [0.03825265 0.14068373]
191 [0.54266103 0.32010514] [0.75505274 0.84958606]
192 [0.1025826  0.57056786] [0.15073512 0.94595436]
193 [0.46761205 0.36696126] [0.92323393 0.14441153]
194 [0.26993533 0.88981089] [0.95265369 0.0223244 ]
195 [0.26464225 0.60110828] [0.30360651 0.46597421]
196 [0.36641474 0.49189543] [0.24866813 0.73478014]
197 [0.39759611 0.97131545] [0.4037001  0.37784218]
198 [0.85856478 0.84101624] [0.80453741 0.54017577]
199 [0.18263439 0.16010264] [0.76413146 0.00545241]
0.3389618557730052 166
0.3290533124864128 166
0.32259938248336 166
0.3161765198024823 0
0.11415605489616323 166
0.10162322429237733 25
0.09816080273529791 45
0.09587375034650468 45
0.0922915496403136 13
0.0872546502122997 0
0.08209872185327348 0
0.0778932515052837 0
0.07240630024866718 0
0.06857115348180035 0
0.06568313644079747 0
0.06348789277241543 0
0.060894033658698186 25
0.058753349279507865 25
0.056373053880358126 0
0.05364414177558967 0
0.05179040822544925 0
0.050823225378694645 0
0.04997653428202676 25
0.04904550345821475 25
0.0477685419693481 0
0.04672811696719782 0
0.04582170119472274 0
0.04521032738166411 0
0.044176500360597254 0
0.04318650890450479 17
0.042121187646165445 17
0.04139337963331607 123
0.04106094469813681 196
0.04092658353873855 154
0.04076325470798829 146
0.04032560013966543 159
0.03963617702848692 150
0.03904350081005949 187
0.038567315064863425 61
0.03842905728068222 127
0.03845133926827727 138
0.03846271052777315 140
0.03849864183942759 130
0.038500400182303544 131
0.03860708223089249 131
0.03866314194705826 199
0.03856868004207627 199
0.03860911598754843 56
0.03874165194284129 56
0.03906892000436888 56
