199 0.052592999331980694 0.8322540108407938
199 0.38654337031668584 0.653545374016383
199 0.002764377217128411 0.3026221480487312
199 0.6393054027439374 0.4835409407862641
199 0.5799488539617172 0.6493592904128594
199 0.4337862829627961 0.24887521202374907
199 0.08028036193892596 0.8730164872462673
199 0.8475429564330631 0.7943283001510258
199 0.44450815991558656 0.3241286104787805
199 0.144116452171275 0.8843933224608612
199 0.42677870880686164 0.6658269768546591
199 0.125307972799668 0.6999378435763335
199 0.40733574498100955 0.03267254393353569
199 0.5308234075199046 0.6657067939259598
199 0.9631619281246789 0.40924189201356254
199 0.6266304663518532 0.0962871103287698
199 0.46860021860712253 0.05778159746671141
199 0.9390001465417455 0.9936067302705013
199 0.804989370321225 0.015576032513746063
199 0.4932860594030437 0.5691699180236028
199 0.5828809295515706 0.9311128195327733
199 0.3582015873720824 0.8112412179870486
199 0.8186891686832352 0.49520935992308346
199 0.16748117198523704 0.7795265815838659
199 0.22620300756545497 0.29043382437423093
199 0.7497938787632785 0.37924345120325975
199 0.41473889937124164 0.1923419869909111
199 0.08690261747465589 0.40962578296349683
199 0.5169430722459173 0.7181533579954834
199 0.3845041013107797 0.3056361002730731
199 0.5759011881897168 0.3665324448805264
199 0.47754016822685075 0.9308941422090556
199 0.47650466032740013 0.14011689577216446
199 0.258060232775427 0.24112760947056422
199 0.5909358145056258 0.5184426285935076
199 0.5918379454105467 0.30300296453654874
199 0.6120273453917457 0.5000838335461424
199 0.9703074231614449 0.8559399383106607
199 0.5040436037612747 0.2906113540019143
199 0.6406708312315543 0.12612076377743786
199 0.017760214310684863 0.10271000519095341
199 0.887239711118958 0.248447552094051
199 0.9600845436508251 0.8758626288428837
199 0.9942129980898714 0.1916423408217749
199 0.06259073164637963 0.5287167918222696
199 0.4894623675469161 0.3013722889804261
199 0.9125730499022073 0.4245236124114137
199 0.8326157792039984 0.1797807245478904
199 0.5175594721499306 0.8983731072775131
199 0.5925518973058039 0.723248048305216
199 0.9081142277074997 0.7874420687473187
199 0.9979376557970856 0.9138917417144953
199 0.5921505437824728 0.8864714991105388
199 0.1698429901636367 0.9953592352033942
199 0.14911539956829145 0.9946600544537296
199 0.3535672018686763 0.29415456334571
199 0.8182139869712977 0.7900178297097629
199 0.9165457996832815 0.8228692726932185
199 0.26478975743428357 0.8492199017631957
199 0.5043855571100525 0.4833473645400579
199 0.9812800095333586 0.8617297817096167
199 0.15806831857767245 0.6389804904065246
199 0.35873409186681815 0.4818006895507887
199 0.6769709164940267 0.5866194226574034
199 0.3057424764723279 0.9801589448038831
199 0.6251450516560831 0.3784164551733218
199 0.48407156581256716 0.9562676766655942
199 0.9544207719956076 0.8240476848161964
199 0.905649206399332 0.08733161612069629
199 0.7560972285835593 0.13671453457774474
199 0.5881335641976091 0.28199097994993116
199 0.7047976812046587 0.2861150728179547
199 0.11092715279598941 0.7339266708253135
199 0.9400033433143609 0.8938265725137903
199 0.2325764210386131 0.06548781838990225
199 0.8805271298523047 0.3665635801575603
199 0.1640037757381716 0.21858419376801885
199 0.023877120183825706 0.954626929890217
199 0.3539268425457933 0.5242425268590866
199 0.6672026152890377 0.7110015081608213
199 0.8357160139110402 0.18957976061173576
199 0.0478411387662101 0.05054041252321495
199 0.9919485274637444 0.28110526567656324
199 0.050137576473412104 0.23087937732553876
199 0.18893831981304654 0.7528918246127816
199 0.523985693522391 0.10426437541617939
199 0.6578339669054329 0.07477667328536486
199 0.35205863775765056 0.7500071659709413
199 0.10344691639355885 0.2781092019655874
199 0.8305219906446335 0.42329850739409824
199 0.5368562921029881 0.6189555594278016
199 0.4345685359964405 0.02981707821138535
199 0.830734389606546 0.7208747922244017
199 0.14054271732834622 0.20368229613408517
199 0.19743258655284845 0.6249698834596586
199 0.4900435182628543 0.5816257531521043
199 0.8877238021599101 0.3196694394364703
199 0.3847169695015591 0.24967381630841234
199 0.655551178000749 0.2918922920603668
199 0.7386062285513552 0.4031119598974747
199 0.17694172211058434 0.6474972926156446
199 0.054461950930727254 0.6440648871256514
199 0.8327192728539162 0.9884589723802989
199 0.46284875695724437 0.4519328717730001
199 0.16546191584152914 0.023892694170059348
199 0.35485743256036795 0.04627158603974102
199 0.5117619871898134 0.3758024659115009
199 0.6703490785019 0.8860879042377456
199 0.40478255075872005 0.7525294030280637
199 0.2382838785920608 0.9011154922254185
199 0.14026776659629836 0.6790604315642901
199 0.32270739690110395 0.14351455876085784
199 0.3194308789655853 0.8251397631206604
199 0.42561286487321115 0.3144838304424632
199 0.10113502646600692 0.5050519688558316
199 0.05714724540278049 0.619594668212964
199 0.767785231157593 0.17476221145449322
199 0.25391933599013683 0.9725653452822852
199 0.5656873854646984 0.6156410229795568
199 0.32794032268161477 0.6947646260057369
199 0.7719967437323244 0.4529431932045488
199 0.8670923017525092 0.11483568048078863
199 0.7572734609142955 0.41310251675843457
199 0.2688307296965603 0.8105877398036501
199 0.006104799226531954 0.9001680500611321
199 0.2425394005689946 0.10088247548955254
199 0.5522787798629926 0.6677820131532983
199 0.488782578903901 0.6856216342067598
199 0.7289741519623346 0.261278886270208
199 0.6042433429227576 0.6858858339358538
199 0.08446825852734896 0.19862301789914283
199 0.6600001050576748 0.8645278687057751
199 0.522599747667953 0.1612924564301892
199 0.33263744084174307 0.3681046756667288
199 0.9633057382121759 0.8565078867768064
199 0.37054517378470386 0.7193418020813218
199 0.558760185634536 0.1986535332214493
199 0.14769703540466506 0.022460814729059586
199 0.361422476283333 0.17533772971058204
199 0.904653423331399 0.26630026684764785
199 0.5364277515148618 0.7077416625723196
199 0.20944340864354516 0.8332806339918785
199 0.37897689987157657 0.433055063195257
199 0.2686940699018334 0.08675493897864683
199 0.07811873949196235 0.09962441747574025
199 0.18924894070933462 0.09670509723913823
199 0.22197746595827206 0.9698698780155336
199 0.5859917203557653 0.5083491971174998
199 0.492949824591545 0.08465196407556952
199 0.5672923445277845 0.9442536531137099
199 0.9586826447169092 0.17424159980955756
199 0.13211074018825697 0.6552274170496831
199 0.14232048279722076 0.7612625881942708
199 0.17152434194516686 0.8425110907009619
199 0.14115328772091884 0.8394967944789126
199 0.47272102822955586 0.3940917175649056
199 0.01570772565936973 0.8296889649244322
199 0.309719319647367 0.19516306309677223
199 0.517386035408419 0.010026465695342157
199 0.9508350585512214 0.9782125382257301
199 0.7350401925759564 0.9004071326665386
199 0.8439813773056994 0.20633594139268496
199 0.7021465357642144 0.2502702637512153
199 0.9328811416691807 0.4366362985949934
199 0.5325523130797057 0.7899336967666359
199 0.5653187575787415 0.30689398793108613
199 0.96221697386741 0.05878567807844759
199 0.2070266482903098 0.8612923232526667
199 0.8135304455389782 0.11675731895110741
199 0.8529218114628386 0.17460594670704332
199 0.326416643199155 0.9023319693618079
199 0.4887626947279715 0.8541425507612261
199 0.07163543707419939 0.0014464205207080916
199 0.7014954121798317 0.37922452489575176
199 0.409867508907789 0.7416852436165675
199 0.1203709094253197 0.17959954869934203
199 0.91341242520127 0.42881905918459995
199 0.6566016877382144 0.5465714479373188
199 0.2562121875299086 0.2936412661582821
199 0.5704414787786921 0.825831465091925
199 0.7935040342116366 0.8340011749219405
199 0.06357362522223609 0.3864608700579071
199 0.6093815287399978 0.5430315638702145
199 0.06205866090109635 0.8475576961759709
199 0.8833910677993759 0.09004915443514938
199 0.7590523995141589 0.9268889067264354
199 0.35569202151367063 0.34674924590905676
199 0.24967303923982298 0.48464037068751264
199 0.23304451518100644 0.8285153885141099
199 0.8961610541319857 0.6987089216402884
199 0.20130653316033398 0.5492773324169262
199 0.9352930704899711 0.8817536276206285
199 0.051334665364548226 0.8666657932691676
199 0.6348495560612518 0.5514200113181118
199 0.894521611147906 0.13549439628629112
199 0.49604515061446985 0.5278504418486007
199 0.5544431342017844 0.5748989726263727
199 0.13091790499365208 0.687683876502636
199 0.09631891736426368 0.10655222710289214
199 0.8223421704948202 0.37356452403595375
0.2883676160503394 54
0.13786220717284045 54
0.13190639613413763 53
0.1271645032277741 53
0.11718668749089786 53
0.11328634474143055 53
0.10483623342526092 53
0.09850674951565365 54
0.09551774233215415 53
0.09302762671882202 53
0.09040965194854195 53
0.0875418609156653 64
0.07870128170819583 54
0.07093310689914782 53
0.06040123218860169 53
0.059256645299591855 64
0.05852950137982113 66
0.05729493833587205 64
0.05606160582893219 64
0.055759606894870674 149
0.0548381485900209 64
0.05342861723597682 53
0.05193879242444807 54
0.05074311845190844 77
0.04897432834154161 77
0.04729846396901939 124
0.04628232328841064 124
0.04540988354007225 124
0.04467478142813677 156
0.044160489231604885 156
0.0440733647271279 101
0.04402139631831669 44
0.044008418327934146 181
0.04388688902729765 181
0.043873881857726525 2
0.04396079513441112 83
0.04405115746212609 130
0.044067260591569284 198
0.044169827424120664 144
0.04423156381055526 104
0.044323783928980245 137
0.044341160554599496 172
0.04434868737146303 172
0.04449327896924125 172
0.04478314710939555 172
0.04522663833335066 172
0.045838029582673315 172
0.046632783458409266 172
0.04762702286813969 172
0.048846414282516085 172
