0 [0.86059889 0.98564764] [0.93269116 0.38848366]
1 [0.01110786 0.93172875] [0.55644683 0.28395352]
2 [0.49789851 0.5722295 ] [0.92664222 0.73899423]
3 [0.15365567 0.72368476] [0.25165862 0.37980767]
4 [0.5110313  0.02936059] [0.23263871 0.20211055]
5 [0.81156429 0.15815995] [0.61227182 0.47336568]
6 [0.42515488 0.43413256] [0.79615108 0.07778358]
7 [0.82963395 0.08778894] [0.95394279 0.47897016]
8 [0.99939771 0.63056867] [0.47451215 0.92579872]
9 [0.63717786 0.63124734] [0.41325675 0.32963944]
10 [0.17590296 0.74785918] [0.73557763 0.67073912]
11 [0.17882878 0.21587067] [0.48273634 0.77154725]
12 [0.85688294 0.74400122] [0.88855977 0.53209012]
13 [0.77080434 0.27627555] [0.67172703 0.25835583]
14 [0.29135476 0.6095548 ] [0.8845744  0.14848925]
15 [0.84373055 0.23993913] [0.67887717 0.27508582]
16 [0.36578621 0.89033343] [0.03344222 0.97117491]
17 [0.70657416 0.60515797] [0.92373366 0.98359116]
18 [0.18060797 0.26966904] [0.31421562 0.49668901]
19 [0.34595923 0.79777061] [0.93092012 0.07498859]
20 [0.92418198 0.50684   ] [0.82843175 0.26253411]
21 [0.25109278 0.17893435] [0.7723508  0.27202469]
22 [0.67828239 0.58575754] [0.93950153 0.05128478]
23 [0.66700647 0.23442772] [0.23178093 0.85368643]
24 [0.99800758 0.18513304] [0.3180065  0.15249322]
25 [0.83551435 0.76731621] [0.96595771 0.95514606]
26 [0.56350592 0.70027886] [0.36698694 0.81050419]
27 [0.47539151 0.43656843] [0.43963732 0.46252947]
28 [0.76153934 0.37615548] [0.71949546 0.9189033 ]
29 [0.22171853 0.98095366] [0.76224542 0.5257028 ]
30 [0.17249932 0.02945213] [0.42765042 0.38334149]
31 [0.44599738 0.35203298] [0.30424333 0.26223381]
32 [0.2412597  0.66999901] [0.27315275 0.38531988]
33 [0.19344105 0.66736841] [0.9449652  0.49040409]
34 [0.70768936 0.66230013] [0.82467111 0.35695316]
35 [0.42490904 0.33184774] [0.83194873 0.80859379]
36 [0.02692515 0.27308784] [0.4034314  0.22439165]
37 [0.52834717 0.29929955] [0.88287917 0.87283361]
38 [0.48884929 0.80941616] [0.74169073 0.02091235]
39 [0.46499849 0.27995701] [0.29942987 0.2348246 ]
40 [0.22474291 0.84090589] [0.22170261 0.85199853]
41 [0.23923745 0.88960369] [0.08041486 0.13442396]
42 [0.36895805 0.53892221] [0.95578097 0.28147084]
43 [0.83552297 0.70263134] [0.33147515 0.36434037]
44 [0.89409362 0.26437381] [0.01450428 0.49611772]
45 [0.49442537 0.37384035] [0.46691012 0.34087557]
46 [0.92240744 0.88343137] [0.07722326 0.06164869]
47 [0.529842   0.40162398] [0.35785333 0.20379198]
48 [0.11591733 0.21998649] [0.54805758 0.95157235]
49 [0.65376634 0.94864875] [0.94197724 0.75918972]
50 [0.07618325 0.87276541] [0.31527114 0.52388843]
51 [0.06157706 0.40126676] [0.49798508 0.36925997]
52 [0.52835773 0.52225074] [0.74315514 0.78903432]
53 [0.08676607 0.51747452] [0.29712971 0.38018575]
54 [0.05953274 0.55956278] [0.70820158 0.54736962]
55 [0.72175632 0.38905275] [0.13884386 0.42856147]
56 [0.4811276  0.18160685] [0.64286634 0.12527825]
57 [0.40478809 0.59247169] [0.039284   0.68614386]
58 [0.48895018 0.44186362] [0.85200091 0.98015645]
59 [0.69537898 0.60094382] [0.1324237  0.79914162]
60 [0.98750557 0.93876684] [0.25129103 0.5390515 ]
61 [0.16109265 0.77945102] [0.08057541 0.59738855]
62 [0.5224305  0.04796881] [0.00701708 0.52144587]
63 [0.24231409 0.6433413 ] [0.16159558 0.71419628]
64 [0.53973936 0.25386499] [0.43581534 0.86556809]
65 [0.53027548 0.96130767] [0.7557593  0.28886152]
66 [0.40929382 0.79154749] [0.40913381 0.99062314]
67 [0.91785773 0.83916476] [0.47318132 0.8844776 ]
68 [0.10385584 0.2304782 ] [0.49752183 0.70866339]
69 [0.51064983 0.10178817] [0.3521587 0.9275973]
70 [0.09698371 0.17118295] [0.31855829 0.26278587]
71 [0.35784975 0.31011463] [0.60796109 0.1691247 ]
72 [0.01006797 0.01174527] [0.86754383 0.13689919]
73 [0.24193033 0.5570013 ] [0.04534948 0.9497903 ]
74 [0.64033079 0.12706473] [0.15691532 0.53229006]
75 [0.48510078 0.38641469] [0.48051678 0.09589558]
76 [0.70294866 0.36465261] [0.6034385 0.1029011]
77 [0.26164556 0.65862039] [0.75606759 0.93531797]
78 [0.55601834 0.5615141 ] [0.29858494 0.33175256]
79 [0.9439656  0.11596712] [0.16040264 0.57102979]
80 [0.7328898  0.19513255] [0.74492317 0.39064939]
81 [0.64146531 0.65073195] [0.13904004 0.00942201]
82 [0.55439696 0.06947182] [0.43040588 0.74754253]
83 [0.12350765 0.53888541] [0.63013067 0.95624241]
84 [0.94480151 0.68914774] [0.32297603 0.72052202]
85 [0.28306206 0.01233381] [0.57359084 0.88782273]
86 [0.17870278 0.01317596] [0.43526812 0.87756286]
87 [0.71020109 0.33112026] [0.88307885 0.57361658]
88 [0.48976169 0.63606885] [0.19282926 0.07823126]
89 [0.68531936 0.18961853] [0.71797833 0.30330756]
90 [0.42815146 0.56424421] [0.33799422 0.88872202]
91 [0.49510819 0.08291928] [0.92012008 0.8537418 ]
92 [0.68197162 0.64671295] [0.31849758 0.17433257]
93 [0.45438206 0.34335448] [0.42526924 0.41866085]
94 [0.96691089 0.30060772] [0.94410915 0.82918615]
95 [0.10172558 0.88133983] [0.72116158 0.58887041]
96 [0.25877832 0.41427027] [0.77985502 0.12166337]
97 [0.90490288 0.29873626] [0.74164051 0.13882027]
98 [0.81941    0.74155421] [0.71679185 0.34780657]
99 [0.43276377 0.41300944] [0.01870627 0.42122304]
100 [0.92727464 0.20254608] [0.0174491  0.91499171]
101 [0.78019708 0.38976913] [0.38561277 0.93866966]
102 [0.94790742 0.62307412] [0.02243283 0.60678444]
103 [0.91503526 0.78533057] [0.18122988 0.88636725]
104 [0.44010317 0.19002435] [0.44213309 0.72416843]
105 [0.37797782 0.43819897] [0.9859202  0.12909497]
106 [0.24297346 0.31589123] [0.60569993 0.58102348]
107 [0.88340252 0.72555551] [0.12816946 0.95710997]
108 [0.75156858 0.69321146] [0.69884322 0.08777577]
109 [0.64944606 0.88861382] [0.75358891 0.96703101]
110 [0.55354129 0.59565729] [0.12762873 0.75792841]
111 [0.42352278 0.68377385] [0.87335725 0.22663554]
112 [0.7952842  0.21343778] [0.63168597 0.59270791]
113 [0.25302969 0.15642528] [2.63880718e-04 6.16069185e-01]
114 [0.04461776 0.17311084] [0.98698433 0.6440858 ]
115 [0.48573058 0.47498539] [0.97707448 0.36443512]
116 [0.35818463 0.54077783] [0.4605343  0.20443295]
117 [0.24082143 0.54145489] [0.84127515 0.65900331]
118 [0.84480412 0.47028782] [0.31386595 0.96265069]
119 [0.23507668 0.16472746] [0.66425274 0.28157995]
120 [0.5220637 0.3189331] [0.15591222 0.4013031 ]
121 [0.60503882 0.98536651] [0.23358817 0.3117066 ]
122 [0.20795548 0.98270097] [0.01597991 0.76682606]
123 [0.05602707 0.45651517] [0.39505243 0.03579275]
124 [0.80358536 0.08674521] [0.08297677 0.60595455]
125 [0.42057892 0.99427523] [0.36477439 0.57443388]
126 [0.28546605 0.56381245] [0.15890621 0.81067793]
127 [0.22393429 0.48180467] [0.56326136 0.59008524]
128 [0.89778295 0.78062811] [0.89405378 0.4056697 ]
129 [0.16212354 0.46898003] [0.28768428 0.43260804]
130 [0.96033615 0.8263936 ] [0.14665733 0.60966686]
131 [0.22952077 0.65507037] [0.30076468 0.81150478]
132 [0.28184461 0.56041537] [0.86687907 0.02401053]
133 [0.9805287  0.61854455] [0.55810737 0.64319013]
134 [0.92568924 0.11363386] [0.75907772 0.87731413]
135 [0.08400251 0.07761536] [0.75944683 0.67911898]
136 [0.41972299 0.28236928] [0.02627937 0.56278821]
137 [0.79925152 0.06446562] [0.38096441 0.85318064]
138 [0.00538462 0.34743416] [0.47634988 0.10732794]
139 [0.67660822 0.63001023] [0.11403462 0.71949533]
140 [0.68273302 0.23713896] [0.12014299 0.30191767]
141 [0.86243674 0.57435227] [0.58750989 0.21859545]
142 [0.95225539 0.47227279] [0.57799782 0.14460302]
143 [0.26332052 0.16609878] [0.57161341 0.40369724]
144 [0.75607376 0.14477669] [0.37591525 0.83845448]
145 [0.96743614 0.29675668] [0.14249009 0.04165937]
146 [0.8644898 0.641354 ] [0.28099785 0.14834687]
147 [0.74948536 0.87270554] [0.9410509  0.98241605]
148 [0.8774293  0.93740719] [0.06848013 0.067253  ]
149 [0.12311833 0.13008808] [0.7543933  0.52002454]
150 [0.97879398 0.85325127] [0.10381407 0.00843741]
151 [0.45500015 0.35429355] [0.71796891 0.89334214]
152 [0.97906889 0.27404595] [0.73215137 0.37858614]
153 [0.50066481 0.27819901] [0.50783878 0.92509695]
154 [0.79714749 0.13811568] [0.51725633 0.73502604]
155 [0.99133306 0.34544461] [0.54589809 0.98403403]
156 [0.78014079 0.87577395] [0.01942358 0.12083079]
157 [0.61708596 0.77528711] [0.67715346 0.48515008]
158 [0.8002263  0.47643055] [0.611051   0.64060893]
159 [0.39565879 0.09962891] [0.93577118 0.37522644]
160 [0.84356593 0.49744039] [0.86980144 0.15340683]
161 [0.09017376 0.19846487] [0.24217929 0.04453386]
162 [0.70493151 0.50127727] [0.09619029 0.36375778]
163 [0.47518047 0.64369972] [0.85149051 0.98342148]
164 [0.75278731 0.58963972] [0.68415806 0.08143207]
165 [0.02247854 0.82116305] [0.1302632  0.81823311]
166 [0.65336028 0.56274506] [0.40081118 0.94036141]
167 [0.21565354 0.07075731] [0.74490873 0.78537992]
168 [0.70036633 0.37920419] [0.71718954 0.41143433]
169 [0.05852704 0.12479834] [0.77520753 0.41634518]
170 [0.34472734 0.5302884 ] [0.08963926 0.80828943]
171 [0.50910043 0.11215382] [0.48192459 0.06692978]
172 [0.24907007 0.90788619] [0.79668062 0.46044783]
173 [0.31131682 0.08184337] [0.50599928 0.60936024]
174 [0.08650447 0.78071741] [0.63952185 0.48243743]
175 [0.9298784  0.56546842] [0.1439619  0.79823689]
176 [0.2848831  0.91175727] [0.72209788 0.43700619]
177 [0.09678921 0.85495856] [0.00862173 0.35328079]
178 [0.97722843 0.32382456] [0.93321776 0.63974172]
179 [0.66362925 0.94494636] [0.46153415 0.54124436]
180 [0.54719393 0.81955677] [0.43548686 0.97301189]
181 [0.42404211 0.96145323] [0.6089825  0.07503102]
182 [0.45963928 0.24237663] [0.08212605 0.99562037]
183 [0.83947677 0.00545889] [0.33155388 0.63983011]
184 [0.22616915 0.1230458 ] [0.15824386 0.88250682]
185 [0.03352193 0.2095942 ] [0.48748321 0.72645424]
186 [0.85014212 0.91492902] [0.48251796 0.81049219]
187 [0.55663122 0.06997554] [0.99295049 0.36034837]
188 [0.80647589 0.15154977] [0.14966465 0.06952946]
189 [0.7470869  0.03302232] [0.57370224 0.58606603]
190 [0.31433811 0.93217032] [0.80054634 0.48784598]
191 [0.758336   0.30491154] [0.47274111 0.44192596]
192 [0.21478702 0.59263613] [0.20095417 0.15185719]
193 [0.22025263 0.66285107] [0.69132454 0.01169768]
194 [0.46049478 0.13999101] [0.52969223 0.85472954]
195 [0.31509616 0.04956096] [0.20116949 0.84828288]
196 [0.07627589 0.46327572] [0.51727908 0.90543304]
197 [0.33201596 0.0327446 ] [0.53261467 0.05812093]
198 [0.26824342 0.82359427] [0.33586911 0.46014907]
199 [0.19196136 0.01402276] [0.00640428 0.43127301]
0.40331804420104406 182
0.3888685053724097 182
0.3824080697212059 182
0.3754911679961997 182
0.17125286081399277 182
0.13303960017304053 182
0.11621337888322414 182
0.1089543732464383 17
0.10056297322730595 17
0.09555342635896934 17
0.09142832128564607 17
0.08426019761297304 182
0.0758146572493094 182
0.0715109754877153 66
0.06819313625580077 66
0.06543189688044836 66
0.061903703338822606 66
0.059052718242077605 66
0.05676396990509223 66
0.054574819369607466 147
0.05286715858738902 147
0.051374755307687606 147
0.049473095384563424 147
0.04784426723572078 147
0.046487352076862345 147
0.04514263127968872 147
0.04356020202865194 147
0.04198005040071655 147
0.04053339744772273 147
0.03928199810371054 147
0.03814195991448738 147
0.03698653571184244 66
0.03607284214991215 66
0.03513464321342171 66
0.03423124898742023 66
0.03360879271134963 17
0.033070765953326135 58
0.032701438484136154 151
0.0322202473923228 35
0.03183683918896614 178
0.031748962716786726 27
0.031768676813576036 51
0.03186792991405496 141
0.03193969979481281 108
0.031965386325283666 150
0.03202927031207655 81
0.03232355253513713 81
0.03271058681111166 145
0.033122768941718575 161
0.03379108598807482 197
