199 0.0004117378306751629 0.8227149233103171
199 0.7894207874483588 0.28824781382573295
199 0.4436453939974331 0.3892137647830738
199 0.6718744854954387 0.8799008769216065
199 0.741602450532757 0.9913673059977811
199 0.04940229746095626 0.9447300691337046
199 0.13948974201388376 0.07396287489819897
199 0.09629427643519906 0.3006615131454704
199 0.12243270021888619 0.5060445584278908
199 0.5333202478070054 0.23794794044579048
199 0.2989426304140519 0.6457996105549021
199 0.8162330515446977 0.0753701722562915
199 0.08678183557562147 0.693133582422893
199 0.9888317103951552 0.7296026553730032
199 0.4367915092476695 0.12922334417940584
199 0.09774055251769809 0.7669301673961548
199 0.562347593573699 0.1964845504481063
199 0.9901021121966147 0.5982998699494072
199 0.803040017851297 0.2793593726466549
199 0.8093845265238826 0.07490447179623094
199 0.7921864812515268 0.9979108880635656
199 0.12133817212819464 0.21702136122371285
199 0.5135696364014187 0.5884666526099447
199 0.4944864616224567 0.10736442487304376
199 0.9042353747202696 0.9354375863470781
199 0.01709556708023796 0.45350031794984724
199 0.32638163008398957 0.18674776332507526
199 0.7593528587277019 0.9024023777328516
199 0.39458449920709326 0.5678813540713824
199 0.3712186990941112 0.2645017274010536
199 0.678835653210098 0.5098985985496023
199 0.5617815711804565 0.5328907303285986
199 0.15301700588886002 0.21197875788760356
199 0.13937027523017476 0.4235849672104951
199 0.9454472258087976 0.98816973958833
199 0.6944646725054211 0.8663043597299376
199 0.9826905918687391 0.9220133044132166
199 0.15398177934761292 0.05409781625069954
199 0.39808229622037816 0.6745559801514377
199 0.5551334787722478 0.9786301397066379
199 0.3286997336239442 0.48498488950885976
199 0.5886738066383371 0.7095041494782247
199 0.33139607529575443 0.32392302129420736
199 0.1621452604703998 0.09893688509414833
199 0.29757675770091097 0.7431322190281893
199 0.8193582326641045 0.9613838139435489
199 0.8048681103659127 0.11430577408310205
199 0.43832151394033647 0.47197751616452865
199 0.7536404693013026 0.5142982026517621
199 0.6332583094997992 0.648994124047872
199 0.9932928024350083 0.891515590900393
199 0.6004955526840482 0.4778385229242089
199 0.7919614554472448 0.6135547086987265
199 0.9764674587998367 0.23584328278451128
199 0.21820928673328455 0.051558493435343244
199 0.48705624647397916 0.1575977734869325
199 0.8503235669733454 0.886028610788709
199 0.5606463557805804 0.5964895582347622
199 0.028379294259976096 0.43420181625451815
199 0.9601438115422494 0.4118924392726595
199 0.3502872482347732 0.8275089854260814
199 0.6872932266854066 0.1720240754041389
199 0.1340141115955108 0.7656077857606635
199 0.14926850429019645 0.5476352623416055
199 0.7342804086336874 0.7055177808037001
199 0.5279721662734795 0.030617799392432143
199 0.08143960019283658 0.09697100623720833
199 0.7529510517256335 0.6277449296116098
199 0.02772954078928236 0.7329394679751406
199 0.8671519746503075 0.7556030429860866
199 0.8490993753478319 0.4326817260343815
199 0.9416252441711553 0.23724228544407755
199 0.9154784207460819 0.9942102753409297
199 0.27366300659652065 0.16742076267800754
199 0.9221322375202308 0.4256651979099988
199 0.9529170793809106 0.6602901917492887
199 0.6920149584074512 0.7694821580340815
199 0.22486005307304147 0.8236153876306709
199 0.0525065916223425 0.6017581534650583
199 0.4450887544555441 0.284712468440776
199 0.8192483898294367 0.36518525710537286
199 0.8305075611156791 0.32854225618139143
199 0.10455035019685499 0.8158948934694519
199 0.12833297983371372 0.7371249890172463
199 0.2833637796095718 0.49421199100701063
199 0.12490082077884812 0.8648274949506254
199 0.545463160119784 0.0879945170011982
199 0.6335225228527215 0.44773417021335715
199 0.9981331617571532 0.4313918235466745
199 0.4005583754905002 0.9722726629648104
199 0.22747310166810764 0.07975860409002489
199 0.037636253159250566 0.7928274360697437
199 0.7141255893439895 0.5154818930859266
199 0.456340965649604 0.049226095768460154
199 0.3390226632796304 0.4365239884825105
199 0.5819260831440443 0.30877365488872033
199 0.12631924760299396 0.36477504290213003
199 0.17716218432235187 0.6740000158581745
199 0.3107160730292572 0.6074468845964113
199 0.1476700553523822 0.4564439060392972
199 0.9538252286338452 0.41493967535920107
199 0.5273016259766927 0.5757120482116116
199 0.47189338978632567 0.931264523204702
199 0.983751274120197 0.9368679967966232
199 0.9032664492326292 0.8087210945677958
199 0.6251322676617859 0.34857081521078004
199 0.6984608037400789 0.20888262422514348
199 0.7050961569392538 0.03130814733024567
199 0.4848321136188485 0.7964778024921301
199 0.32748891749865994 0.33295557191833836
199 0.60164740181506 0.5997501896483289
199 0.4167270070268634 0.8683975079000327
199 0.15912552293143045 0.4489231617811863
199 0.728259157973845 0.05200314898020364
199 0.971524676851234 0.4142211571919199
199 0.9977548688861602 0.5005216450267398
199 0.9364886470977827 0.11733488258430413
199 0.790559520505232 0.994623974431136
199 0.03839881440350712 0.5651048429652853
199 0.6372909869545899 0.37774621515620077
199 0.9372177642322674 0.7605632198005693
199 0.689222658395584 0.3157693213403657
199 0.700795235095976 0.7613835758921584
199 0.04227834946401132 0.8423490246381683
199 0.7811158496682272 0.3525503811720071
199 0.5491633326178537 0.7661394856510098
199 0.7586771062388459 0.44815093812348195
199 0.44121049132977763 0.4027213728429889
199 0.6557822025699774 0.08507391658433094
199 0.19581762052473717 0.5173281033603883
199 0.31188480674094354 0.6850390860921358
199 0.004936288080431561 0.24551176800132657
199 0.12067069304411493 0.8652477210304514
199 0.6432362544262072 0.8796754967589072
199 0.5067465491025248 0.025161781088172352
199 0.5342101524393792 0.27655848618963386
199 0.049487218992419035 0.08622954417743767
199 0.9437548380680443 0.09351023299040473
199 0.5158550220711298 0.2798949677048693
199 0.7159239813780572 0.5160748512104809
199 0.5581041866579759 0.7182766597224939
199 0.6443124156935744 0.9461206155361395
199 0.768227659209657 0.5033463031334173
199 0.6395327240446551 0.4917633558161977
199 0.8912615710207362 0.46305157706324007
199 0.9159222350996681 0.798660015508076
199 0.6733274815850829 0.5958399842421345
199 0.08042244713172264 0.14502681456098132
199 0.2331227568647587 0.8899753267418286
199 0.11880257204705558 0.19877142697326422
199 0.4935435525112356 0.13624128190972173
199 0.475664480839021 0.03052544190465467
199 0.9173745811528633 0.8916167202561232
199 0.9785569219649944 0.604880241994418
199 0.6651121585674808 0.7781400150849869
199 0.3630767550687488 0.6904372406214083
199 0.5668900190152546 0.84706738546858
199 0.9365145819341995 0.006457526855172757
199 0.9855435745173206 0.19224815725982114
199 0.6735455291082282 0.27576753819464694
199 0.3351767828480209 0.9296300908320876
199 0.40898700802366006 0.8935203787256035
199 0.4640485031815035 0.6345852181186349
199 0.2334813341097517 0.14815142287281713
199 0.41557096801753035 0.28750073063018333
199 0.8635323413469683 0.06775066956353415
199 0.07445240203785919 0.26788849497129685
199 0.9372966473426632 0.6324027214551737
199 0.7284184294577016 0.5827316350616162
199 0.6590372121271869 0.4936390944146778
199 0.6514354178971431 0.8938453536195534
199 0.9268184094335475 0.09719077478484262
199 0.9510748571888258 0.8392413264503558
199 0.6450006320885107 0.12676214017894138
199 0.580414784723277 0.29983821836748015
199 0.14286691667828033 0.08265463967615971
199 0.8089827089209144 0.9943334512325062
199 0.4413996349285626 0.114748846414782
199 0.9474214162284925 0.161290125511236
199 0.9262909726006733 0.8055045565467605
199 0.5366683185145328 0.9603805901144346
199 0.6818596468438731 0.6276701600959635
199 0.3372103052217623 0.46633669055565774
199 0.33825436362737304 0.9364613860652355
199 0.8886006869224841 0.864919628578285
199 0.9864226906357059 0.08578792893464793
199 0.2369108426872657 0.6612995242182628
199 0.566373494831093 0.0777191186126267
199 0.5986727428753592 0.08791249896593001
199 0.6315398483928426 0.1429351093946235
199 0.03297740557661599 0.15438518985175986
199 0.7586773898463879 0.5218942662250111
199 0.16819338817965368 0.6216758979084652
199 0.12577226509267336 0.535288996215719
199 0.9808693766783889 0.9284803292231556
199 0.6522832046535159 0.88699104845462
199 0.6102493534035865 0.34163287366646844
199 0.7270897105096782 0.13057528159373044
199 0.3367460803717309 0.980888435368503
199 0.5495394754697231 0.6065117013538063
0.15679581074263782 5
0.14427008840837885 5
0.14999745930564665 5
0.13844243206171047 5
0.11479163855146905 5
0.10078659095596618 5
0.09139408170212988 5
0.08428573113357361 5
0.08061492707703198 198
0.0774468785802584 198
0.0760440535180174 198
0.07181878381172097 39
0.06872177185395194 20
0.06486606311788683 20
0.061945035702624704 20
0.05929760828368224 20
0.05701373312003922 39
0.05477262838890985 198
0.05199711835470006 198
0.04961315419203747 198
0.04769954098222352 198
0.04585920799582243 198
0.044241514242750135 198
0.04281832504762456 198
0.04144524494882159 198
0.04035540263350351 198
0.03931886084441877 198
0.038739548241704724 198
0.03832431046931879 5
0.03792506296005578 5
0.03795838120797694 82
0.03806543553084054 98
0.03805728803311653 182
0.037951845871957546 2
0.03792495622367628 16
0.03791690407415603 55
0.03794829003517539 187
0.037958424227788085 65
0.03803866704004665 134
0.038289693544073786 54
0.038532998295070994 37
0.03886693915687823 37
0.03937336826299601 37
0.04006519765766463 37
0.040983617246854315 37
0.042112530747617165 37
0.04347530778016199 37
0.045120519175213696 37
0.04712052007775857 37
0.04947499488726185 37
