0 [0.78658742 0.76412693] [0.99290513 0.75582038]
1 [0.97220995 0.85371303] [0.21938252 0.94691011]
2 [0.19610225 0.56149321] [0.73515245 0.87868674]
3 [0.06686762 0.15653669] [0.09714906 0.56465248]
4 [0.96397535 0.0716448 ] [0.71653887 0.31098355]
5 [0.13459213 0.77116781] [0.43742061 0.0060093 ]
6 [0.965748   0.12041631] [0.01967919 0.02400884]
7 [0.68429398 0.94365179] [0.68959079 0.86603758]
8 [0.1692839 0.8788176] [0.05021079 0.73696275]
9 [0.86966612 0.09669669] [0.47850649 0.59440977]
10 [0.40489655 0.27030579] [0.55473302 0.23092767]
11 [0.2811089 0.8100335] [0.50607799 0.82414908]
12 [0.08812093 0.34991385] [0.33474286 0.1962394 ]
13 [0.85504448 0.82226751] [0.83524867 0.99676738]
14 [0.53716732 0.46423519] [0.76382837 0.2172594 ]
15 [0.72565989 0.62219425] [0.81030086 0.72634419]
16 [0.18419759 0.17420914] [0.09676601 0.68515727]
17 [0.01026024 0.80990077] [0.1748657  0.34255212]
18 [0.07052681 0.97418977] [0.12716616 0.7105519 ]
19 [0.25048494 0.12682097] [0.37560811 0.85708083]
20 [0.87916938 0.73195723] [0.27856875 0.85180947]
21 [0.09733288 0.07989738] [0.32184122 0.91679637]
22 [0.8956251 0.5388999] [0.52798236 0.53848337]
23 [0.47748377 0.04796391] [0.4637773  0.48515013]
24 [0.50073875 0.39446558] [0.09587908 0.10194236]
25 [0.75225822 0.9194463 ] [0.47083636 0.11431258]
26 [0.4702598  0.00445267] [0.22569905 0.71113556]
27 [0.80462263 0.03172293] [0.87983988 0.79297219]
28 [0.09524379 0.1269247 ] [0.79297167 0.04782325]
29 [0.49214085 0.52730909] [0.79827319 0.63339509]
30 [0.7827284  0.90451693] [0.5234954  0.17263894]
31 [0.28366076 0.51240408] [0.29639387 0.82318113]
32 [0.9142469  0.88970556] [0.82593629 0.76008069]
33 [0.71793852 0.65907234] [0.24085214 0.31082627]
34 [0.63227788 0.95516918] [0.27139011 0.47943499]
35 [0.06923665 0.10167382] [0.93652744 0.89365738]
36 [0.00553581 0.72036124] [0.91291538 0.67295671]
37 [0.88347043 0.43315308] [0.44946125 0.46517025]
38 [0.76409105 0.0367505 ] [0.09627407 0.88938494]
39 [0.50560412 0.58553951] [0.63229528 0.93178657]
40 [0.61798647 0.12442268] [0.10502374 0.24566164]
41 [0.19417985 0.75798261] [0.44328464 0.76371296]
42 [0.91869943 0.27553589] [0.03047341 0.48848807]
43 [0.43458389 0.51600364] [0.36229455 0.83460645]
44 [0.78388541 0.4821066 ] [0.20749042 0.17773864]
45 [0.05631431 0.57681043] [0.9685435  0.75444339]
46 [0.33595189 0.9877498 ] [0.44846025 0.5672378 ]
47 [0.70129797 0.05854668] [0.44503235 0.17988886]
48 [0.02467568 0.95264604] [0.31601146 0.5463707 ]
49 [0.79298644 0.67193253] [0.83244345 0.9322886 ]
50 [0.70264662 0.54788361] [0.20894002 0.38906535]
51 [0.43450921 0.65305119] [0.91782304 0.32391519]
52 [0.3131325 0.0564942] [0.97675366 0.67537284]
53 [0.68325446 0.6726513 ] [0.75925403 0.39238423]
54 [0.7602596  0.32882129] [0.01870158 0.78225895]
55 [0.60268828 0.91248448] [0.68373575 0.31076137]
56 [0.22830813 0.36465542] [0.86837569 0.55989304]
57 [0.55544352 0.68600665] [0.75532285 0.31076198]
58 [0.17916353 0.35683731] [0.25813323 0.72099184]
59 [0.957362   0.16606065] [0.70611735 0.21991737]
60 [0.91193006 0.88713243] [0.88258582 0.96412646]
61 [0.77344426 0.26777308] [0.72359409 0.15149089]
62 [0.9145556  0.63470314] [0.30309592 0.5585204 ]
63 [0.23664454 0.12278152] [0.31620616 0.62903125]
64 [0.58055181 0.68355908] [0.00196912 0.85509501]
65 [0.41304259 0.7236332 ] [0.7516001  0.56159455]
66 [0.98009444 0.0742897 ] [0.88469908 0.22079377]
67 [0.82569073 0.44632687] [0.79511443 0.44791182]
68 [0.73714944 0.2930797 ] [0.94126945 0.61211391]
69 [0.38561893 0.91963987] [0.2209764  0.28897823]
70 [0.83212052 0.07237485] [0.2376692  0.08771128]
71 [0.38070657 0.1932567 ] [0.93972773 0.97550162]
72 [0.10843461 0.20335821] [0.50779017 0.62290705]
73 [0.64683284 0.77207617] [0.54751474 0.53679896]
74 [0.61140832 0.35422955] [0.69595279 0.51863793]
75 [0.47300448 0.79528179] [0.25034803 0.21038995]
76 [0.11470695 0.83353857] [0.95292581 0.83611172]
77 [0.57604672 0.71551266] [0.16679372 0.6777149 ]
78 [0.79881285 0.87714074] [0.72587605 0.39904102]
79 [0.66165359 0.2965098 ] [0.06132311 0.84402911]
80 [0.81622998 0.10517348] [0.64058827 0.37621458]
81 [0.67965699 0.22843974] [0.21248706 0.39283365]
82 [0.10114188 0.26968318] [0.86117485 0.00297925]
83 [0.8018276  0.80987851] [0.99197853 0.94085569]
84 [0.64659919 0.93336961] [0.79904508 0.83886043]
85 [0.16545518 0.24983949] [0.87316739 0.18191833]
86 [0.32810793 0.65796803] [0.57161991 0.86100428]
87 [0.90157838 0.00139435] [0.70441853 0.13653367]
88 [0.08569364 0.91044624] [0.15912236 0.40494119]
89 [0.89945628 0.86243162] [0.99678074 0.57106318]
90 [0.55396557 0.04274713] [0.59737102 0.48454823]
91 [0.18712862 0.46287258] [0.8870195  0.98995244]
92 [0.14128119 0.06602069] [0.76929201 0.62307693]
93 [0.16873697 0.49707833] [0.176123   0.42238965]
94 [0.59862188 0.71035787] [0.39938325 0.88116614]
95 [0.58094772 0.97322209] [0.72280495 0.28001733]
96 [0.69171384 0.81512013] [0.39975853 0.2539303 ]
97 [0.82520882 0.69835391] [0.61737522 0.62228293]
98 [0.41804794 0.92425259] [0.92558743 0.87719977]
99 [0.63088109 0.51872228] [0.01937471 0.44353809]
100 [0.22335989 0.09550805] [0.31694066 0.5078647 ]
101 [0.91186229 0.98750131] [0.62796924 0.16476202]
102 [0.50555532 0.95331716] [0.05095725 0.06380144]
103 [0.77326765 0.44984431] [0.8083789  0.69408442]
104 [0.29046608 0.6962892 ] [0.17649578 0.82721249]
105 [0.52823334 0.47138682] [0.90385115 0.43074392]
106 [0.21720116 0.78522796] [0.60228643 0.80016101]
107 [0.05765403 0.16542142] [0.51285084 0.0823552 ]
108 [0.82157533 0.56237134] [0.22230987 0.43365487]
109 [0.34674116 0.29773733] [0.23303693 0.1728061 ]
110 [0.75680963 0.10608484] [0.94832451 0.00368003]
111 [0.81531177 0.40790098] [0.64991705 0.96494977]
112 [0.05288682 0.00713447] [0.47822457 0.87488192]
113 [0.18802306 0.56509697] [0.83594081 0.99874291]
114 [0.16219596 0.64519046] [0.36989147 0.07405995]
115 [0.40103275 0.81759152] [0.52936661 0.92149973]
116 [0.63655852 0.30943323] [0.88004576 0.54818164]
117 [0.29677462 0.61277796] [0.19294152 0.44835041]
118 [0.55609777 0.39207483] [0.08846756 0.31734844]
119 [0.70301471 0.14731987] [0.23590732 0.14604367]
120 [0.78274608 0.20550449] [0.09597603 0.31882261]
121 [0.81010388 0.9033173 ] [0.03253832 0.82112619]
122 [0.59315418 0.92802947] [0.86906882 0.6889009 ]
123 [0.38681167 0.26459327] [0.90818272 0.22469428]
124 [0.73189352 0.53625691] [0.70680678 0.75567916]
125 [0.71530545 0.95882413] [0.07004944 0.72873616]
126 [0.20321138 0.35016068] [0.49864173 0.06446963]
127 [0.7506332  0.33048736] [0.29405169 0.46121255]
128 [0.56396567 0.93799706] [0.23625045 0.91351801]
129 [0.98570605 0.55844776] [0.40199067 0.85057046]
130 [0.34625038 0.99135601] [0.43067461 0.53139041]
131 [0.83063956 0.30182329] [0.15724146 0.35887892]
132 [0.96063223 0.31285422] [0.73641321 0.85350441]
133 [0.98594319 0.75946881] [0.24765922 0.95642745]
134 [0.12546637 0.48160313] [0.39883439 0.34742187]
135 [0.72690615 0.32332425] [0.73127536 0.17900312]
136 [0.06010984 0.74790429] [0.10772259 0.88586478]
137 [0.51535209 0.19310386] [0.78594006 0.92143809]
138 [0.85196004 0.2723536 ] [0.13971635 0.4141808 ]
139 [0.57117011 0.56780091] [0.24264813 0.64400641]
140 [0.63020628 0.80250976] [0.74898397 0.12983188]
141 [0.87020469 0.44823202] [0.02789582 0.2644302 ]
142 [0.48572815 0.89869489] [0.49747233 0.56066547]
143 [0.47244747 0.96619812] [0.98397918 0.08573671]
144 [0.29837281 0.1075245 ] [0.87618822 0.98580979]
145 [0.27332367 0.52871174] [0.8241502 0.0169083]
146 [0.65856493 0.4277992 ] [0.6044179  0.96287387]
147 [0.59728932 0.65155633] [0.0737117  0.36583456]
148 [0.5970361  0.82015103] [0.38472745 0.19135469]
149 [0.8090103  0.23299371] [0.6978644  0.48854806]
150 [0.25147158 0.69360302] [0.05163303 0.94661043]
151 [0.99754306 0.01508195] [0.86938016 0.3839145 ]
152 [0.22166067 0.23526416] [0.13213863 0.13085416]
153 [0.32124463 0.66763961] [0.10454489 0.16289949]
154 [0.72863927 0.32116911] [0.89337288 0.49041264]
155 [0.46513376 0.17584966] [0.26009588 0.60768612]
156 [0.34041858 0.75747766] [0.65909766 0.20654961]
157 [0.35348611 0.50968435] [0.73395944 0.02984658]
158 [0.11352274 0.47170763] [0.7875754  0.30551798]
159 [0.83244255 0.1980458 ] [0.46665298 0.94010932]
160 [0.56838718 0.13750883] [0.47313016 0.35206265]
161 [0.78553514 0.47983541] [0.02557999 0.21650554]
162 [0.60569796 0.85057437] [0.1642139  0.03808215]
163 [0.74489454 0.24342072] [0.6945034  0.20468375]
164 [0.24815411 0.31891186] [0.72828524 0.57367071]
165 [0.8789261  0.78791739] [0.8463469  0.62345405]
166 [0.7008792  0.96191215] [0.11138237 0.93183337]
167 [0.66605472 0.27210782] [0.09316233 0.49415041]
168 [0.59883009 0.17129429] [0.07656022 0.09322332]
169 [0.43463263 0.12326213] [0.12875334 0.45082367]
170 [0.93331423 0.1391724 ] [0.12301986 0.65300296]
171 [0.65013482 0.00156142] [0.40149576 0.70247714]
172 [0.4106963  0.28748381] [0.48325751 0.27029916]
173 [0.87894106 0.31881211] [0.62858047 0.44736703]
174 [0.5223676  0.01403635] [0.18472124 0.66893573]
175 [0.6654545  0.00336731] [0.57563656 0.14749346]
176 [0.978371   0.35414458] [0.57534603 0.8318933 ]
177 [0.53283455 0.43210204] [0.52599937 0.51044999]
178 [0.77229012 0.76873217] [0.55290606 0.23772156]
179 [0.39076174 0.82008462] [0.36957638 0.99797339]
180 [0.14367398 0.57864006] [0.53971971 0.49363395]
181 [0.94792587 0.02118828] [0.48509121 0.43356716]
182 [0.9321879  0.99865682] [0.78609935 0.74783546]
183 [0.96333278 0.47106002] [0.55348814 0.63972125]
184 [0.9020724  0.63066504] [0.69677712 0.14234546]
185 [0.51144713 0.49071294] [0.0871845  0.81246953]
186 [0.2606213  0.12702371] [0.71318371 0.30536554]
187 [0.01200877 0.68422071] [0.19510611 0.87930843]
188 [0.80556521 0.95253336] [0.39856347 0.81114205]
189 [0.03851061 0.32330267] [0.92572539 0.28447784]
190 [0.95001904 0.87577245] [0.91796736 0.55283658]
191 [0.53621633 0.29768117] [0.18980423 0.36892025]
192 [0.00682996 0.05782753] [0.18515148 0.85448817]
193 [0.6957045  0.75233384] [0.14939413 0.49460975]
194 [0.8355891  0.59237788] [0.42036473 0.16742193]
195 [0.4156687  0.96023295] [0.87621034 0.50862434]
196 [0.66999753 0.26135727] [0.1290263  0.13245332]
197 [0.96207825 0.46416929] [0.45003944 0.94049223]
198 [0.66573741 0.83216925] [0.85426317 0.87017027]
199 [0.48256361 0.92265898] [0.5253088  0.76285349]
0.40160282377876694 113
0.3970997204951508 113
0.3674302799784984 144
0.33811316772944905 144
0.32808299808311425 144
0.32156119641762493 144
0.14020085988833736 144
0.13782599586888805 113
0.13551813031348942 113
0.1327500256198005 113
0.12940812767187135 113
0.12587292526665317 113
0.12263202235876071 113
0.12112954193359356 179
0.1193138935871951 179
0.1175145734134529 179
0.11484094493598974 179
0.11151284138917632 179
0.10334552913245922 179
0.09937235070379881 179
0.09593899201181207 179
0.09167832677106086 179
0.08750489772603873 179
0.08386027076690046 179
0.08053017958796618 179
0.07732221561793116 179
0.07358591191136002 179
0.07031690176501959 179
0.0673493993125669 179
0.0648271660525624 179
0.06223918300844566 179
0.05946647642341831 179
0.0564289240509501 179
0.053531170677636616 179
0.05082298190244256 179
0.04814920281268394 179
0.04519239151946604 179
0.042532875373481036 179
0.039901482882287 179
0.03732292409023739 179
0.034946732667003585 179
0.033004683466034794 179
0.03136500617372298 179
0.029948186693125215 179
0.02883457818739911 179
0.027924684298261063 133
0.027076052714202842 86
0.026532273845332882 15
0.026281066610638344 62
0.026045047337986356 53
