199 0.43008425696287045 0.022082069976091412
199 0.08492116495531454 0.31019363273753087
199 0.29023271980346577 0.2098978425477448
199 0.1627854474430459 0.26525821464898147
199 0.8168074336946741 0.2998891476846409
199 0.2643671005556363 0.159178452320221
199 0.3929284163875427 0.6346177931635435
199 0.8598208547137203 0.681202567932494
199 0.5108570608026877 0.02656258830485636
199 0.12927455598899373 0.11154071157042145
199 0.5035971854858916 0.15382261919768225
199 0.9707045194095495 0.4012756036383599
199 0.9146401260081377 0.9364271550430903
199 0.7624294478080648 0.3001240108778648
199 0.07463740011830755 0.1783242530473229
199 0.2949914758486095 0.48196202177021386
199 0.5501629208147658 0.09714936316071698
199 0.9289194509153871 0.8415571325978567
199 0.3144837115578708 0.09258933628130162
199 0.9707520801719126 0.19463098168007786
199 0.9917527976217285 0.5520635366397957
199 0.1710120251395535 0.7983047517339027
199 0.03931276042327714 0.9763310220909491
199 0.7560229548606987 0.8289123242874086
199 0.7108684512610719 0.3586717185085253
199 0.3627042289301413 0.7590968890183722
199 0.3401808089172246 0.7173274284785127
199 0.2254855260178913 0.4135052903844333
199 0.3728185488792358 0.0670272691612519
199 0.6654583459036859 0.490496276696875
199 0.3496550434853586 0.7038201606339256
199 0.06590117764510672 0.14070414874694692
199 0.4196311897943409 0.33682659010893734
199 0.1021689256798769 0.8628366002448103
199 0.22857919425077877 0.7236820247190737
199 0.9992944731059797 0.059755787257540494
199 0.7946303233639006 0.8843040638807865
199 0.24867395159018824 0.14502135786021253
199 0.7504744312337578 0.7735393061490424
199 0.4596297553176968 0.5010964247969447
199 0.6868118765483725 0.45134550702476905
199 0.8357965167215013 0.9575764584126132
199 0.19678825052000104 0.9213141803627014
199 0.3218206821086925 0.1667848044184682
199 0.83616488325016 0.8875238416822951
199 0.6997191112443957 0.9194164809281865
199 0.5042953670235549 0.7514029833197433
199 0.9526740671865956 0.43025615783989224
199 0.048194892627893116 0.6717106729436034
199 0.2778118646483555 0.31213655715804445
199 0.9264767031365725 0.5982875076146487
199 0.9516679105166181 0.6790000824538396
199 0.7980218383248728 0.9450008527325381
199 0.4372040199542113 0.5757031544034348
199 0.6383054295602862 0.8175997240329399
199 0.9642478862397582 0.46206027907933056
199 0.8810566974601323 0.05359310341262846
199 0.299453493887021 0.1738409643975357
199 0.8739407880925308 0.5152816177072111
199 0.7033245388922943 0.23691961440164144
199 0.511250800902414 0.13773190353522669
199 0.11766314363399444 0.6210608332247304
199 0.6368266385298265 0.739861405544604
199 0.112990416132698 0.14016014121359077
199 0.8909886689037188 0.10770325767119915
199 0.30978055982483643 0.6365065570699924
199 0.8688140530951005 0.9007683826453782
199 0.8062393425514036 0.3156445166554094
199 0.9470509617049333 0.8680020966098644
199 0.9316529114177029 0.27911089872285677
199 0.026309355302917448 0.17692742257819272
199 0.2506767209030475 0.1328887272666568
199 0.32913588125786875 0.8357494357169737
199 0.1308709852105997 0.59413193929551
199 0.2423480368920199 0.7184574645844827
199 0.9453894714516444 0.024071591847579343
199 0.9082571949384932 0.8038698053614761
199 0.629247612351455 0.045916887603449474
199 0.4505540002428692 0.3659534832781961
199 0.14574937402665544 0.4396016282142756
199 0.7474699057389455 0.7926568537601969
199 0.209757493061825 0.7149728888441662
199 0.9363083633473754 0.22955804261433466
199 0.007761434792114996 0.12411768635804843
199 0.6562921563618671 0.1494377934037796
199 0.08971004396277793 0.15977803055689865
199 0.26943061370192745 0.24841454444574496
199 0.7385975109122518 0.11930061571752937
199 0.6486940018240964 0.22455287503060484
199 0.4553642509731648 0.7470612695595561
199 0.8948916192375607 0.6632081804655405
199 0.5612991933696201 0.5480647007424284
199 0.011626730276726893 0.43846887996703277
199 0.5364541080322116 0.7571196912096755
199 0.055762799458030754 0.42860686039314644
199 0.9125298343182809 0.7067978161242295
199 0.5772929258084051 0.9790347904525027
199 0.35536031790531164 0.7761596185056279
199 0.34161403834683746 0.6698542439685519
199 0.9575780049730148 0.6814916369581973
199 0.7991254406037263 0.6561147810094856
199 0.6312580116384771 0.9318059572159524
199 0.9018086791307843 0.021134497190493762
199 0.9281653920481164 0.7988675010276467
199 0.9234637409448537 0.30801253460807354
199 0.11218735323973272 0.20133276023681013
199 0.875729650773034 0.6541070591696432
199 0.6498852453695002 0.8356984524355413
199 0.7941505358707072 0.846460370017652
199 0.9532977238428525 0.7582685208847665
199 0.4999234769956431 0.11418611673438994
199 0.014896463621096312 0.1263921130438076
199 0.283180819989333 0.43310146766175506
199 0.37445359812582146 0.025205152033914713
199 0.31855158982367526 0.8691930280016793
199 0.06877461494643022 0.19731205776967564
199 0.20377765858445696 0.43226914513212644
199 0.812589645821078 0.9526828278059101
199 0.9010563567063439 0.22775925757876625
199 0.8794119760718031 0.9682541952863163
199 0.9279864907132495 0.856406720974736
199 0.7793563344699039 0.9423505129305465
199 0.762723582803884 0.006009389688350297
199 0.16162873302100667 0.5744764710509508
199 0.8117547538699998 0.37136846527726064
199 0.7175944387817993 0.7417500793113356
199 0.8917646192838974 0.5843334002763436
199 0.29898881919754605 0.8529231932245521
199 0.2658426739103028 0.3158524556162805
199 0.2975376220520751 0.10784296406362881
199 0.996745899968907 0.8922382069654685
199 0.402952556637888 0.08653210677694556
199 0.4333401455796545 0.6600080953827913
199 0.03605401532007957 0.48098478996187044
199 0.5300140178983604 0.06982125493146807
199 0.32975277295892835 0.9083030555296069
199 0.9391329418930037 0.6293765600908953
199 0.7094915104923566 0.9172496601598987
199 0.26700038653814817 0.596993315967077
199 0.7963450117914169 0.5974922983248472
199 0.46114351342443494 0.01783357453870882
199 0.18243924560887692 0.04359155524804137
199 0.5869704882648106 0.3577467564657383
199 0.3047795830143477 0.4154395456301829
199 0.2567741292918345 0.11423085299706903
199 0.8453013940159756 0.16076154591541902
199 0.40830982217029543 0.11382045106699212
199 0.010393399967807526 0.069279772491037
199 0.47622398875621386 0.47199120252248994
199 0.09314290971210759 0.6456452700549891
199 0.36477765912717075 0.4129825765200197
199 0.007223327992383788 0.7410816819755405
199 0.0702109861180058 0.36270262914181606
199 0.29738321097622156 0.29477357043025454
199 0.9634702089907685 0.16259456704679998
199 0.2335168192357493 0.320820685652766
199 0.30866440554606456 0.7685848370228398
199 0.48064100964954926 0.41122405298469833
199 0.3064548586313268 0.4568503293047461
199 0.9073112366481896 0.29715171281659414
199 0.014211483177218764 0.3310876444672396
199 0.4855793931113145 0.36848974251794075
199 0.41135922996889396 0.3243188460317199
199 0.9517148444000957 0.6842134242144158
199 0.3658623198870976 0.7024068478088035
199 0.3500281144282479 0.11851560681653195
199 0.16308745211126363 0.7257766565860185
199 0.18290265716329335 0.4637657618000519
199 0.6854044702330698 0.5496430567656642
199 0.08849717267095913 0.5292492719413757
199 0.7543579630774857 0.7461323375457942
199 0.9969280352846294 0.25062909121104715
199 0.9574886689268572 0.5078339816528094
199 0.7181241136500905 0.30719592689337516
199 0.7947347998772231 0.11754173201148
199 0.9723965258595862 0.43575977875612093
199 0.06941926929691844 0.09801633361092366
199 0.8142284760668533 0.6303957599840506
199 0.4418488220165592 0.3810103322160229
199 0.17948746784283753 0.25751100417803086
199 0.3115169800009734 0.9080944472197895
199 0.3800597112021046 0.6433597264251483
199 0.5826052714108967 0.4850114418021988
199 0.5187334971662777 0.6176497833757565
199 0.8476948287878397 0.7686317827764121
199 0.7230373356567423 0.5116892527807991
199 0.12183974727758184 0.815560463464617
199 0.41623684676667505 0.36214984685102136
199 0.2741272779905344 0.8742615432607288
199 0.6864856560996101 0.38123658192330057
199 0.6191101555221887 0.26141860023504726
199 0.8124401368665913 0.8275976126153671
199 0.16594348881839605 0.3859898319846021
199 0.18481558959724165 0.11626480014924345
199 0.6569451355760659 0.555953156638322
199 0.7926756996507324 0.35738738996325525
199 0.7897367794815513 0.249075516431694
199 0.7994995299356408 0.6638317714658873
199 0.6246969332114717 0.8721960333123614
199 0.26167213663071565 0.8739868020038646
0.15828911720608377 22
0.15344488925223473 22
0.13729918482062836 22
0.12851640844182413 22
0.11955677361452854 22
0.11422777631262258 96
0.10646347736552327 22
0.09783950034908936 22
0.09235985289589298 22
0.08848638318576975 22
0.08537716331787426 96
0.0805966967276883 96
0.07831421049343147 96
0.06882436910747003 22
0.06308029129474464 96
0.059925250698420814 96
0.05738500718824453 96
0.05472624142017638 96
0.053060894345513955 96
0.05162706940276969 96
0.05031540805765672 96
0.048862082791148106 96
0.047465933264351785 96
0.04603491489703464 96
0.04476986930544225 96
0.043677665443888944 119
0.04264870603643267 96
0.042021179900778076 119
0.04140837555363803 41
0.04110247803117572 121
0.04098604494256634 184
0.040796235831123774 126
0.04061602036602751 47
0.040497006018899585 104
0.04039232158487484 82
0.04033785729695015 145
0.04029162335735998 35
0.04026669432095415 102
0.04027040179368174 122
0.04036759323317545 8
0.040468436312974546 140
0.0407263198311085 113
0.041074725699583245 141
0.041636229850795126 141
0.042481923193255715 141
0.04354119814006138 147
0.04474608939434466 147
0.04620033036130772 147
0.04799357168340555 147
0.05012272407960054 147
