199 0.522194107159961 0.4865071209500138
199 0.08479631131280496 0.36267374232940885
199 0.27215426210974003 0.20386439293054714
199 0.8529972397974883 0.9707326850650336
199 0.35835857491310763 0.7630270264957089
199 0.4772832637529487 0.289086837009883
199 0.0360818117896452 0.8031426887669866
199 0.9195408221575704 0.35276579360905735
199 0.9800386553499177 0.22575630471506747
199 0.2789658480660713 0.4049024815900478
199 0.1632113825167706 0.1440818037197652
199 0.11322933523858747 0.9527357516148331
199 0.5587389252577887 0.5956414406766019
199 0.8393183881809323 0.24434655870635547
199 0.3764800097602098 0.35901361748657
199 0.533520029537646 0.8099900525535858
199 0.9856857867599125 0.13286506155399236
199 0.9678814978534124 0.014292055590312436
199 0.3994120240183653 0.8239485915181013
199 0.8950955998439087 0.4612979581363066
199 0.5670699850355734 0.3812961347773022
199 0.2104465592066027 0.28128112653420534
199 0.16206124472420302 0.8539117362842601
199 0.3436910752092981 0.8486387492318312
199 0.9406374308771728 0.4105738058468704
199 0.6231738478327715 0.7238338744933264
199 0.9450086683897464 0.9376165788186227
199 0.6797742380475964 0.35780930833595204
199 0.7726603651712716 0.9864202032404659
199 0.13238544236627792 0.6874438226182723
199 0.8166412056650884 0.1908863772793189
199 0.7579460131244964 0.6086968063879183
199 0.20037855586342213 0.8045227534675321
199 0.8729635107340912 0.3291128467522917
199 0.253893682482505 0.956824865483428
199 0.29698575960502205 0.6653766024619489
199 0.06019188698330813 0.08114470374057381
199 0.2674468170147434 0.9524865768304073
199 0.5881874898166352 0.9208859767914209
199 0.5905283793323001 0.966444491396898
199 0.6608475556550953 0.9016894774752677
199 0.8738229660190828 0.3576188176827375
199 0.17299799704958896 0.4117262134042925
199 0.3993283559927624 0.11777367421738971
199 0.8993472217063008 0.8027682805854888
199 0.24616507774074337 0.15580164788936213
199 0.3411313884544315 0.28908952023289636
199 0.3378118254095741 0.6122648309757667
199 0.7715901795835172 0.8881707592351575
199 0.12080044292643011 0.9759135678176524
199 0.3076665136760419 0.9879766650965618
199 0.08847985451480755 0.7096490316137305
199 0.4584934601381174 0.39370396412800934
199 0.6616795383257429 0.26190338691339377
199 0.05733159905857377 0.6837542614944339
199 0.5601491237889641 0.07390791528660778
199 0.21964387848094669 0.9600586474784047
199 0.4446083474064302 0.6116115657495621
199 0.4519098139331993 0.6123239832237808
199 0.48357631259963085 0.6869656177530525
199 0.6856632505005648 0.7103199981426039
199 0.4920366919274616 0.24552123873544718
199 0.15730101709794886 0.141387639062298
199 0.4312620841624071 0.01927944901566625
199 0.10461945563568775 0.6255582507405215
199 0.2588866372299188 0.035260079279881396
199 0.6512261790807999 0.7901791592604086
199 0.9958707946089737 0.13869244146369097
199 0.5542253577416839 0.3899871790735675
199 0.8541164303658565 0.7834845294150585
199 0.6332391164153498 0.22682655253015005
199 0.776025045534676 0.5541098703894914
199 0.6533908492202046 0.04676902110563386
199 0.9256217096758468 0.6142356320430489
199 0.9621794154187884 0.9765087226728904
199 0.7851974245021486 0.8407397749690346
199 0.08546944964021874 0.5686467705630377
199 0.8825680583852354 0.31389983998739046
199 0.20508487714739188 0.7066395099442119
199 0.5963971844012825 0.26239348063470846
199 0.7388007803250274 0.41601528736384263
199 0.8619050598788937 0.1268564108622603
199 0.782962080682291 0.7363065845883926
199 0.3322543641328859 0.15450848635760128
199 0.9943891572834748 0.5132070913380573
199 0.6881417813419093 0.1677768552802783
199 0.7224809139933009 0.09132029783864692
199 0.25633109796301934 0.579325082680041
199 0.4055345968211932 0.9492869107477875
199 0.34957231223339025 0.3511567839159576
199 0.5557269877540691 0.07344030301213822
199 0.8716114087887905 0.9861473646024703
199 0.6911783219855819 0.8708288281775964
199 0.19272874848862387 0.9617807653193188
199 0.6066579390821102 0.8220290076190914
199 0.8180342042688606 0.36523692006666175
199 0.6649197133836542 0.16398627655501263
199 0.802874137392439 0.5561186558707536
199 0.2378098196081031 0.20987138420875473
199 0.7831377835764246 0.7036444472672452
199 0.43981079866218975 0.5770449417374857
199 0.5949758396048169 0.7423865935577394
199 0.1789008367898529 0.5544752453939998
199 0.945766668285135 0.7809289989739506
199 0.3356121798542191 0.16707888642489066
199 0.9215906463650506 0.5057053065177307
199 0.8368059022974893 0.4633775859453152
199 0.02293549526678229 0.07626069837767957
199 0.9515838909631047 0.43210257894651094
199 0.35052252660594696 0.025173254253574084
199 0.8947680379350609 0.7105086252798336
199 0.13347708165787864 0.3497098515239142
199 0.3047951858853264 0.04743703158954604
199 0.15639064793526025 0.019125901453911687
199 0.4605775079644193 0.532924711936179
199 0.2237969837703785 0.9601281835793273
199 0.8406147251916477 0.3907454515605998
199 0.7874679239312381 0.23491772044431392
199 0.5587461859267504 0.0685475043709528
199 0.5628814284962322 0.3729665146301139
199 0.33512751939756 0.5161683748732503
199 0.5935789113203284 0.17275574705236152
199 0.22821463571316358 0.39891621199391025
199 0.974332916277169 0.7925703298800082
199 0.4010409277919742 0.07182269847498512
199 0.627135373930461 0.20664978138197632
199 0.650083282522857 0.32387241922638277
199 0.738193936148108 0.8594686769940147
199 0.2014650910796587 0.7905262416451528
199 0.8371538236784531 0.9043278956891818
199 0.7862317265388754 0.27853111491170257
199 0.9770003704715416 0.652826213315323
199 0.5219453972515669 0.6260071441075318
199 0.41145585053549594 0.21741364274333752
199 0.9582390667990692 0.6407488411319712
199 0.039746499370079125 0.718588658610013
199 0.05098235793537531 0.35554964853650084
199 0.5796950562939592 0.4298689918360824
199 0.5914188436420172 0.2963300730031203
199 0.869721535530389 0.4393252064727904
199 0.5755081367509337 0.09192389911971643
199 0.3535869925815148 0.6936728889198344
199 0.43572243406576616 0.5000360690145322
199 0.689985199255762 0.13701207199147802
199 0.6921844976905522 0.19014359432075534
199 0.8170673013879542 0.9077133257849317
199 0.31267635140555583 0.17782759542546767
199 0.5331416436627384 0.27501015922196403
199 0.6056717114325533 0.6618460053799153
199 0.7099276999458107 0.5465106215404846
199 0.6171603028708852 0.9047675489575264
199 0.713615661342041 0.6171083393754077
199 0.5487292806120716 0.28244929962465737
199 0.6824764842229931 0.03844133133749128
199 0.746747250485678 0.10915496752708853
199 0.8283475673381897 0.9020160435988016
199 0.3390022348327346 0.613471179096064
199 0.7623854239279895 0.5631605474002569
199 0.7841695714812956 0.4353372442199559
199 0.7350322298698604 0.4400653986580403
199 0.1753545772736036 0.291130438246461
199 0.3629706012830789 0.08395786694883534
199 0.49706870763495914 0.6551501935261186
199 0.7156973372775717 0.8629370156409976
199 0.7473308579352949 0.6800947666506895
199 0.23048746885114668 0.6523759790839223
199 0.2251498079588652 0.48638340654954937
199 0.8184219783867742 0.37133209681640944
199 0.7898839120413168 0.9823328364106945
199 0.6021894485671654 0.2292677193434659
199 0.004317325969045438 0.6478486641491215
199 0.8984825427274278 0.817806201465618
199 0.1116172267726534 0.31172489872161835
199 0.6247608153425546 0.37814210809204074
199 0.2938019884205775 0.05758010988606266
199 0.752578461194334 0.8259058430536247
199 0.058613337036430235 0.7439533020679904
199 0.5865935542818116 0.8889611521887313
199 0.3900704491829925 0.8650606860082064
199 0.2845899558548125 0.424694021886281
199 0.6156462509231047 0.9207833632930195
199 0.3700877932242139 0.9164533083990029
199 0.5317887138371088 0.9184222250223831
199 0.18935702365898643 0.7757550650605656
199 0.0007666901632000789 0.06956245670569783
199 0.026516489906487695 0.7445364155424136
199 0.5866787885281288 0.8648599611316811
199 0.11478655748253419 0.8214378182188568
199 0.18732883594070504 0.46637566460909885
199 0.07371877787302661 0.2037075109090024
199 0.17539801256073873 0.16009876761691233
199 0.10671370005615677 0.12186368080712817
199 0.9719214564958129 0.804093890931055
199 0.3540804476308286 0.5354454504329046
199 0.25855462732791434 0.22549140449543237
199 0.9969149376868255 0.07380411658661323
199 0.0723277588813146 0.23412298252328312
199 0.34497084641089837 0.6022459017323363
199 0.8226341712781476 0.2602291121571392
199 0.9240048018895313 0.9012011618205499
0.13301916926937385 49
0.12657414316158208 49
0.11920751647597887 49
0.11263749919835361 49
0.10723841177613033 49
0.1030417717328137 49
0.09752185770984145 49
0.09263697948557549 49
0.08962283234360607 49
0.08602259026974901 49
0.08192371223178997 49
0.07927439108781857 49
0.07618287252415032 49
0.07333127683739907 49
0.07018187072054992 50
0.0680606929405855 50
0.06610660212957281 50
0.06373210264898443 50
0.061342873285240955 50
0.05916858132364064 50
0.05730711838096426 50
0.055784572068154334 50
0.054322290011102635 50
0.05284981846827113 50
0.05140550324615546 50
0.049814413229800514 50
0.04851313108900476 49
0.04743971327076266 49
0.04669387251768034 49
0.04616564480917256 49
0.04582849032228669 49
0.045543360830678045 49
0.045294568059602344 32
0.04538851076397346 156
0.04549830409224234 137
0.0456259757044442 53
0.04567454946373547 85
0.045739260306281004 86
0.04581732146448082 153
0.046019929699991635 63
0.04610295694201913 63
0.046377905667580294 63
0.0466376186213512 113
0.046872574517818434 113
0.04730011959685584 113
0.04793336524824793 113
0.048820058422771165 113
0.04999006231067347 113
0.05146662748486314 113
0.05331380893166875 113
