199 0.7279516870940266 0.11693862364494856
199 0.5184640437766894 0.8970470543954244
199 0.7547198847672288 0.30571852020358226
199 0.7543035854939953 0.585981843455101
199 0.8283219513020937 0.4762978952449317
199 0.9596684985747881 0.4749083762458426
199 0.4817187687739145 0.5360583796934206
199 0.14679954401276885 0.281479786984153
199 0.3923886517817258 0.6739029127696784
199 0.6821993666684597 0.33456642649515134
199 0.8647049380330609 0.7920111275805222
199 0.28582110269661265 0.8218867399962018
199 0.5414152817062852 0.39720336991645233
199 0.9470705352824609 0.40449249748111626
199 0.5093600206227342 0.07095891660023534
199 0.1387476968746696 0.8014922770985644
199 0.5186766709666905 0.30712296394351835
199 0.022094476806226226 0.7155092519218237
199 0.2280869046217785 0.8148555289643752
199 0.624311495746433 0.6047878759141098
199 0.05816177713404869 0.0127533187559562
199 0.8299314442836861 0.1084660041402592
199 0.5880432047950661 0.13525392216655785
199 0.16180946054083345 0.23024121955908594
199 0.9950206030843765 0.49845565946355874
199 0.9341786879534946 0.056719871667926136
199 0.9313934899219859 0.8354404814829279
199 0.6033374983759887 0.3956578067163655
199 0.2418219194080652 0.37420002259795904
199 0.7977151174169592 0.11144034939844338
199 0.9726157776615697 0.23730559192261547
199 0.35930699440746083 0.7904952352694887
199 0.4479736350538849 0.14001969542191017
199 0.21300746026744166 0.992176612074395
199 0.04690561997388665 0.4412481281962206
199 0.2761473477080658 0.24723684042677685
199 0.5665070655688453 0.3765213538894314
199 0.883118722544947 0.5425119009388183
199 0.8354088923950265 0.2317886749049375
199 0.07213978945890209 0.4307044702734012
199 0.061589077416696614 0.5234935749529157
199 0.505234763078275 0.35792877169502213
199 0.9297693120786593 0.8359668677448974
199 0.7633756875270272 0.18453976953696216
199 0.5792566061206392 0.7653183238894876
199 0.07648976118126338 0.45822752121368915
199 0.6551912916220053 0.7615156563832336
199 0.8527216452446256 0.41679662620822355
199 0.7132975768994054 0.303466336807799
199 0.732402576453427 0.774445001648422
199 0.1182800947035656 0.6554216346300811
199 0.4963687169072384 0.43997757036667495
199 0.14159040492020425 0.995458844520349
199 0.7042393535550946 0.7156964718071317
199 0.7394161423936984 0.979871384190015
199 0.7721580460973515 0.6805894870752639
199 0.18165863493787882 0.0014458026211788821
199 0.45281711403780966 0.5128774705927596
199 0.9775592759521883 0.7699875973465686
199 0.25969462459450576 0.6682868534119818
199 0.46107982796129365 0.6265722877355506
199 0.7294607528977132 0.720585851173415
199 0.9093139884206946 0.2040789065726034
199 0.9719710039626361 0.20956894652471025
199 0.8265178812694506 0.39404289504851
199 0.2998573099193559 0.1716060242157721
199 0.8546330162720019 0.8604455849864298
199 0.6090464398452247 0.4585843013809138
199 0.9730904019019919 0.7091059741196084
199 0.8977738079082569 0.2819315815975332
199 0.9785002035007995 0.7459485348265439
199 0.6883244175756175 0.9007888092910457
199 0.7879038417287849 0.08704393277938527
199 0.12096224063489858 0.3301211806291432
199 0.3683616032175663 0.6808709615228947
199 0.3588845310645722 0.17420450738512783
199 0.7721532244424084 0.5762443681346285
199 0.2768530178871389 0.9785124487527138
199 0.29360384586149846 0.07235626795025796
199 0.41130124235180254 0.7029226754005947
199 0.8592161708083428 0.1840632603777339
199 0.09557280308448646 0.05312672296042775
199 0.09824220624709246 0.16373304737225258
199 0.18895595666811327 0.3836667410896011
199 0.9630038309959387 0.5182295676447772
199 0.1678126253883544 0.20168098298624193
199 0.5242822497589361 0.6409015637036691
199 0.1984752476630045 0.8645607132853407
199 0.15650560303097294 0.5849908568735813
199 0.3313480691077103 0.6517637045213146
199 0.668668886720321 0.4906917821892822
199 0.8119157920636542 0.3799082280624524
199 0.8867204376961082 0.7128782052192272
199 0.3262469010498502 0.5693776995195574
199 0.1123813197596445 0.05583002355768474
199 0.6773757892526288 0.8041797960272477
199 0.4835452707057053 0.5347898380194404
199 0.15141434524329633 0.7265316471393354
199 0.8682486721530999 0.9059489278597768
199 0.27140257114990773 0.8409516373079908
199 0.21903909921378806 0.8843483035777757
199 0.42504891206046747 0.4960558728487886
199 0.3824608891102502 0.5348661191757591
199 0.8906078547498522 0.5342334302906698
199 0.9205631480832037 0.4078454004615327
199 0.11292648595525878 0.8428852023799492
199 0.425966920186964 0.02925120853651142
199 0.005199748209882116 0.544114186236641
199 0.7364849592851532 0.45189633996902345
199 0.13884842191522173 0.21882570660263223
199 0.671538069803407 0.07967570726453144
199 0.8753460660848948 0.24902977389917802
199 0.8008253555082911 0.5564955996560679
199 0.4427054472875068 0.90900821753223
199 0.46466078660748666 0.8442337289913429
199 0.9529124156970903 0.4501998772112059
199 0.2865343559464404 0.21775227629415472
199 0.26137047174720196 0.26001053484468317
199 0.1595541655709961 0.7966572523792032
199 0.1908891731073109 0.1742039377472736
199 0.8392960810383832 0.741726591968026
199 0.06207999313590351 0.1239114668893666
199 0.8599324850179406 0.1745706156532849
199 0.36140895262586537 0.9954782573863057
199 0.5331962904032022 0.6869089013921438
199 0.40250019642137425 0.6634216256352369
199 0.5243280705048068 0.13776132882897074
199 0.3930839147178502 0.6399024337147526
199 0.6539951051869702 0.5797361396954211
199 0.3144042425792589 0.23474366089203236
199 0.04450911267797031 0.1942659207688514
199 0.9716706597468646 0.7763981114878359
199 0.8828706985606268 0.2572847705688681
199 0.09591904721085498 0.8142124870749095
199 0.22781003698046465 0.8272773839501095
199 0.7524121669787439 0.8187460968158581
199 0.1051525104747244 0.79235739890814
199 0.7186874945059332 0.7139723143162067
199 0.6064198426455112 0.9541734106752545
199 0.6075840911833592 0.048103682796395875
199 0.8092101565679704 0.5504386589444195
199 0.5443682371732785 0.945574701846324
199 0.20086120885089842 0.08688338963516828
199 0.5941897334723818 0.03662048121234118
199 0.38328397880801446 0.7855815932203127
199 0.088170831169051 0.44171764580524964
199 0.2312643703410927 0.3977904382668006
199 0.8843247596894616 0.4569517943917034
199 0.9594641227349578 0.43011958134809347
199 0.5516395818876517 0.813598157422337
199 0.06585172167970943 0.3951618009847623
199 0.44483651424198756 0.8412029332321029
199 0.8922333934001192 0.20072090812362497
199 0.1301687713549069 0.9554102784344597
199 0.47555264795359653 0.003267232304621559
199 0.9205984081287477 0.9773929249279064
199 0.19959490915584988 0.18676699501713467
199 0.7887056159472947 0.9076228584364644
199 0.7491693884624674 0.1603167859939244
199 0.19504160174477414 0.2972121632210637
199 0.7440072935826387 0.7247514830302834
199 0.9373123192788848 0.05250562198219899
199 0.8888516684462043 0.3415568942459364
199 0.8570311086989589 0.893493456061396
199 0.6228536067653814 0.5257159124263788
199 0.4487805933741017 0.016002802886534218
199 0.5844078874619191 0.030323295260726413
199 0.588440741797465 0.820683137963457
199 0.47742615294377855 0.228091181712475
199 0.2715258033272996 0.6155345999902677
199 0.5353733392485411 0.6330265280823385
199 0.7612111939597361 0.5346913820690568
199 0.26810723303307993 0.9139568357947339
199 0.9374611764409644 0.8692558978527489
199 0.7815744927667752 0.6892987097402657
199 0.2663617781531463 0.6298456270692077
199 0.8733101295489379 0.13113706542016035
199 0.7024529385329725 0.7788780510674405
199 0.7822297638736361 0.5972267635183525
199 0.19154372526929475 0.22597623501432818
199 0.6617867955069733 0.9595793330340283
199 0.18481853502728973 0.6790246951743074
199 0.672036186024853 0.5566409909165275
199 0.6858129857955892 0.024996234610791923
199 0.1509533081343497 0.40832874897088955
199 0.4165536907326396 0.6411261076246493
199 0.21330425283441146 0.012512940676578821
199 0.718219936391397 0.07926211685135565
199 0.4822035254760726 0.6801620963099733
199 0.32883775819586447 0.7584502701177127
199 0.2930642669421748 0.9992774118545893
199 0.6476779897508343 0.9757469438376557
199 0.9573440740210157 0.33785793580899337
199 0.8415751929508639 0.7218874723705057
199 0.9469688364132184 0.8637458782361245
199 0.8582582200410648 0.28961502231274283
199 0.47246220261537886 0.8454921805085625
199 0.14796017838798203 0.6851989722059041
199 0.91152230596193 0.44016318424530665
199 0.4219417390952702 0.09785774000873138
1.4886226619557852 52
1.1611015335553099 17
0.9282896301972048 52
0.6102399797084381 52
0.4664871859507984 52
0.2799833655797118 52
0.2611488107494622 52
0.24746286969698186 52
0.23754585954500465 52
0.23073043481375272 52
0.14095266101040682 52
0.11497345018519209 52
0.09718310151813779 52
0.0872206442865879 52
0.08265578772676756 190
0.07777989359347193 190
0.07422506304666493 123
0.07082869762274709 123
0.06830598121042065 191
0.06544263030252956 191
0.06204578233217587 123
0.05824703512246312 190
0.05431843208739561 52
0.05154633491478848 52
0.04957839488410039 190
0.04811338648125421 123
0.047309418126461084 191
0.04661886564379657 191
0.04607072624039105 141
0.04549922412352891 44
0.0450061888653892 128
0.04460070459255055 67
0.044522300008937345 48
0.04447085698304576 43
0.044474902962610925 0
0.04446133583780132 110
0.04444023022809138 166
0.04448669635310535 154
0.04460528657196942 154
0.04482813391470832 186
0.0448734860697084 56
0.04514618853922907 56
0.04557266347597055 20
0.0461733049607751 20
0.04705721280625297 20
0.04825682071497566 20
0.04981354269276 20
0.05175303010612751 20
0.05413160217036232 20
0.05700482760625435 20
