199 0.2899753068876858 0.9171412477120902
199 0.15287663757688386 0.841840399968942
199 0.701198148446233 0.70501918568979
199 0.46945017566262837 0.5782940736396311
199 0.19242096016800414 0.4171195000324406
199 0.24796584372818553 0.4988160888667049
199 0.880334624903979 0.9395419093423311
199 0.8169422926242729 0.7218401119729244
199 0.9126764326409755 0.26212374595263066
199 0.1739653872693403 0.8761733008657386
199 0.5721152542607834 0.04906107364274159
199 0.9381708401102025 0.2758183496230089
199 0.4873815333310574 0.146123892275693
199 0.9361070717988083 0.026639425601127975
199 0.27782020208535696 0.6052216484222549
199 0.9497385791958068 0.9948388179265477
199 0.01096204620007013 0.3292820664627686
199 0.8389075346313902 0.061075266578450305
199 0.5722854838124672 0.20818722664429545
199 0.6452869993061325 0.7235233623227645
199 0.7127916248847077 0.2988515574929441
199 0.7768045164950254 0.05669191402848606
199 0.1325961703940095 0.10333979505401458
199 0.02690154097129005 0.6865781231990624
199 0.1303819315414647 0.5592824290539056
199 0.28323283063013627 0.8508842192433362
199 0.0532655686237371 0.8688730118611293
199 0.01180406817678914 0.08179821909435037
199 0.5165497064684584 0.05627885973364477
199 0.19009679189035444 0.7381650958827116
199 0.2979914724101427 0.09291798763204429
199 0.8461386362256265 0.8889512847457487
199 0.7819640566827329 0.46010938655311995
199 0.14482696374556614 0.07043791841093805
199 0.5384500268729902 0.3890086940223185
199 0.024828017776456934 0.18648677711741535
199 0.965178670979385 0.07440551164393361
199 0.3595152823416916 0.6885212751762549
199 0.17396248541566828 0.4433014223857191
199 0.6968002815142871 0.0007884634131841706
199 0.18695436607041027 0.6455358435721952
199 0.19280963612790003 0.3985794818764513
199 0.5584952824208274 0.3017617374647005
199 0.17705160934453068 0.9782625128418504
199 0.451072600155512 0.3062179669261904
199 0.150996341930969 0.7321064850774889
199 0.628385757449531 0.13292288307669342
199 0.18821041894271995 0.2207778919261002
199 0.36306672200729495 0.013287024818468662
199 0.35083808867852695 0.21656832654753178
199 0.7085115204659035 0.10153772314640208
199 0.6894780936362027 0.08901680242956345
199 0.37936424425425974 0.8912241585143701
199 0.2897845791619291 0.41374172207273696
199 0.28083918883803294 0.9285344428282905
199 0.5676690523113497 0.8113226946586545
199 0.40501032664261194 0.8594718423215311
199 0.5217738601204276 0.05008307296179049
199 0.1826487495746647 0.9187760673637706
199 0.36665488442772487 0.08474433931357106
199 0.4647855392548993 0.9086881232778492
199 0.9405771609579587 0.35769715789194556
199 0.263300867346414 0.10873907285548867
199 0.9495058484866497 0.008660722094545048
199 0.47633242973444734 0.05524970598469203
199 0.3619061015193994 0.4822490979977925
199 0.345595820012884 0.638489673836112
199 0.820244538996409 0.5714652238786596
199 0.7524292647965118 0.8827328074800393
199 0.32043044055595893 0.008381917647651393
199 0.3325386809336358 0.24019281275049964
199 0.9125498215445723 0.5613151517603139
199 0.3372371819049821 0.3840930073910971
199 0.5448665792179497 0.2805071275220914
199 0.5503436731147338 0.6161110730162416
199 0.8042387351642832 0.8424066732377382
199 0.0900363146714993 0.5235733424272887
199 0.6453743637203827 0.5706210997549811
199 0.7458358912122004 0.3946066816578251
199 0.023363836856918674 0.4990781106566703
199 0.04772919185521973 0.12290305946515034
199 0.9606778491067562 0.8508343585046158
199 0.9467721767344803 0.4542213619336255
199 0.8313711211947782 0.1890492172980378
199 0.3619014904874839 0.5011360183485433
199 0.33382310498052736 0.8051015008453405
199 0.23669135462688284 0.37589800046963495
199 0.22444025254400046 0.9336002813928788
199 0.9579015722223173 0.6467546805597665
199 0.7466347714223127 0.6123064107578232
199 0.6881191650524846 0.2582887878740342
199 0.0436367541844328 0.3795975334123102
199 0.88608704971829 0.058912437499061054
199 0.21443991168942922 0.6736921480295792
199 0.40573790659673126 0.6958003742049854
199 0.6590287027243744 0.1045845741029473
199 0.9754951898831389 0.0533986854055275
199 0.45915182362362206 0.20659078579848777
199 0.6888330771690968 0.35509309990790694
199 0.3822470020418075 0.23837594547998742
199 0.9874780487743444 0.9521085112370403
199 0.8812990792045434 0.09435948703266417
199 0.9179133568910224 0.557460947328032
199 0.16958607852800833 0.6186455521504299
199 0.7546676103723814 0.5296089401999563
199 0.09867773093473953 0.6546706330690656
199 0.8269124103119079 0.7022926769029851
199 0.5884177997761555 0.9773272221680389
199 0.00873855159110748 0.9316569947940604
199 0.5757497789371512 0.5971230961270318
199 0.45835438175113075 0.9828372405079384
199 0.7997739194052434 0.7467268316558443
199 0.24204511696021191 0.682441601984842
199 0.004094616685584418 0.5712471961559493
199 0.7650494660040249 0.13242842669550658
199 0.6961083228362507 0.7198060925899474
199 0.13928192838354114 0.7206878606955364
199 0.06081371945412972 0.5725124389310836
199 0.3080959955115524 0.31213846147773394
199 0.08051695917745982 0.9219612139040576
199 0.4369382822460651 0.7469919274817708
199 0.4254491561178606 0.29486478071634603
199 0.15324807698859277 0.35788778544898336
199 0.9651176165880497 0.5191662834641038
199 0.015350142714659731 0.2767669021189333
199 0.1636866958259655 0.3156895465339097
199 0.8033970813500823 0.03945498953889004
199 0.5664655040376263 0.4590329951913319
199 0.28719360769149704 0.45835926168596985
199 0.4442209649230703 0.7912543900751106
199 0.13468161600318984 0.6329375940377405
199 0.430993126235487 0.647854439289118
199 0.1366577269587722 0.5969298951025215
199 0.9338411521584474 0.22468019247190996
199 0.7133369432923182 0.5862597160091261
199 0.9901161156810865 0.9108150660310735
199 0.6652505345783238 0.00882988105342064
199 0.5544413217480421 0.9150475644881866
199 0.1680944203907584 0.7254715609221654
199 0.22964318445997722 0.993324309986835
199 0.6920406798815405 0.9718575748732161
199 0.69237425494203 0.21133247514621867
199 0.4225765182253891 0.41060926971085143
199 0.22817501144260532 0.512680804181678
199 0.25697518615186177 0.37464244156914606
199 0.8678494556858001 0.6437809296689958
199 0.17542238039615066 0.20405487032841685
199 0.9590048305394734 0.12548223698743488
199 0.8460516631730025 0.029732683242384095
199 0.6582748240525832 0.5795668754499689
199 0.4397470144240614 0.8408720876313296
199 0.02064596985847078 0.9427537784153053
199 0.9642538735015204 0.8859399858897571
199 0.8292571058566184 0.753681257079506
199 0.34019574501742145 0.0004264767386824575
199 0.6542474281554929 0.027921273891572396
199 0.31770892970496534 0.4609099327946775
199 0.29759725928254166 0.9466219956215122
199 0.34850538962517286 0.9296435273332279
199 0.28790899907711154 0.36872833646764913
199 0.5853057948592171 0.06320411964909989
199 0.11794892548626168 0.1643528398072035
199 0.23032237178504333 0.29950484369734176
199 0.948720938745348 0.4071889491927614
199 0.2476159979937087 0.885516749299947
199 0.6318363737660125 0.6916101110734709
199 0.32219957132608845 0.08283306857679429
199 0.5479029950706061 0.221508132905183
199 0.10467876453253422 0.5058520780832264
199 0.847636274727472 0.6766955397139047
199 0.34961092070664046 0.1759086606234913
199 0.21931114983705013 0.9580582530191776
199 0.7590770238902407 0.1709400319227694
199 0.4002338803337314 0.6557611196241732
199 0.8840195993987789 0.43661985978515394
199 0.05462712208047005 0.6222624947520234
199 0.9239608798882798 0.9762575659897913
199 0.7127673489776299 0.872926903023426
199 0.07032330405359166 0.9129771059993401
199 0.5420341657944325 0.28043405565891666
199 0.5022395960717168 0.7590702043040741
199 0.490080410348239 0.5531287504400224
199 0.23346982000059924 0.2184483112262321
199 0.11690577646454692 0.770861355673018
199 0.24482201174062757 0.055064789885178156
199 0.4574583444692746 0.13230670446716286
199 0.7002214738477248 0.26410486046087445
199 0.5121963088416484 0.9727397127073256
199 0.05985133183714242 0.8794356943168787
199 0.6561540064031687 0.5267154789259857
199 0.41220843453909983 0.4461336192483014
199 0.19262155444172036 0.9712330349341042
199 0.9948928981058917 0.7635779277807463
199 0.2814203732926771 0.30328728199298094
199 0.9586414541656451 0.36739653457686805
199 0.04723254256049647 0.19034208761741467
199 0.3373137561743318 0.9602509460395983
199 0.012705569416917473 0.5490578290390973
199 0.6592590639000083 0.09524530759069527
199 0.9901949161656233 0.6815851059791564
0.1342690637635981 151
0.12349488057937744 151
0.11380423545772858 151
0.10641371976574784 151
0.09861709891882738 151
0.08685082901207881 151
0.07732868003444675 151
0.06755538052117398 151
0.06059264984480074 151
0.05591635736918199 139
0.052453924483889254 139
0.04964858023734764 139
0.04712651307411857 139
0.04486678562545234 139
0.04280553645322426 139
0.04095686402714937 139
0.03974147988840915 110
0.03887881001230477 107
0.03782614659504539 107
0.036468222144420546 110
0.035326560409712764 110
0.03451959689304023 107
0.03399195329025091 140
0.03361604274927051 140
0.03344038568815409 7
0.03332568131881163 102
0.03324692704404485 194
0.03326960924465599 133
0.03330930958342214 147
0.03335134344350158 96
0.033409058744268916 63
0.0335860673634794 39
0.03390711465382287 39
0.03415216614323556 154
0.034521354617113156 154
0.03519406341592046 154
0.036212804909412144 154
0.03764605568510459 154
0.03957076579256662 154
0.04207179870829791 154
0.04523626433481119 154
0.04913796784484015 154
0.05387644060234128 154
0.059576811318906214 154
0.06636971128644197 154
0.0743961463831861 154
0.08381497034484714 154
0.09477884093073181 154
0.1074232948170107 154
0.12189735353015733 154
