199 [0.74784472 0.55925267] [0.41599587 0.4113279 ]
199 [0.43210229 0.29163945] [0.84096126 0.45208025]
199 [0.27706458 0.97422883] [0.27648274 0.24642844]
199 [0.20395661 0.13447477] [0.10432461 0.16609808]
199 [0.0077983  0.97446246] [0.54996826 0.6410354 ]
199 [0.76350245 0.50224928] [0.11736733 0.3451195 ]
199 [0.52963867 0.61694213] [0.74093202 0.20136282]
199 [0.45264232 0.84989681] [0.58480489 0.1590806 ]
199 [0.19333158 0.33243395] [0.79224115 0.81051393]
199 [0.53715256 0.50040019] [0.96897905 0.99101527]
199 [0.62700433 0.95384815] [0.53219864 0.41878388]
199 [0.34876658 0.16962143] [0.22847083 0.66222715]
199 [0.43222477 0.87574086] [0.61669686 0.87685156]
199 [0.2254706  0.39231014] [0.53126805 0.36274563]
199 [0.18537866 0.92549789] [0.69054119 0.8427393 ]
199 [0.5656658  0.76887343] [0.32097769 0.57366265]
199 [0.32516865 0.80304251] [0.73022102 0.36288135]
199 [0.73587833 0.01762884] [0.27886421 0.01631394]
199 [0.07043883 0.53509061] [0.21056148 0.19563785]
199 [0.08692067 0.09769684] [0.06376133 0.69181653]
199 [0.89824708 0.50510611] [0.36196978 0.99153494]
199 [0.66627233 0.97193172] [0.09884853 0.84808721]
199 [0.5157861 0.1748812] [0.02762802 0.75115992]
199 [0.1246171  0.36300979] [9.38836250e-01 8.63798431e-04]
199 [0.45091484 0.63371804] [0.23789515 0.42624348]
199 [0.21061012 0.92832132] [0.03965199 0.67921492]
199 [0.71236947 0.65230777] [0.48470899 0.3808142 ]
199 [0.62184352 0.22264163] [0.82091137 0.63516329]
199 [0.15349952 0.74969711] [0.43487202 0.02346682]
199 [0.46494434 0.02267762] [0.54159647 0.09334914]
199 [0.33725133 0.07594025] [0.93029065 0.40718377]
199 [0.86942704 0.27109176] [0.16465707 0.72756566]
199 [0.96527684 0.01202677] [0.99427667 0.54021139]
199 [0.97487957 0.5903725 ] [0.1572964 0.3755143]
199 [0.41287261 0.32808562] [0.64071593 0.21319844]
199 [0.68302451 0.98023033] [0.43007655 0.43055224]
199 [0.64809461 0.6049693 ] [0.08831331 0.69338372]
199 [0.68515019 0.5119364 ] [0.92999345 0.92498378]
199 [0.16840467 0.19990581] [0.17521752 0.14854769]
199 [0.4290183  0.26781993] [0.00438887 0.13310086]
199 [0.65738986 0.33751254] [0.99821552 0.60393045]
199 [0.57202277 0.55483557] [0.36094021 0.70741071]
199 [0.44166257 0.42022185] [0.30570936 0.89285648]
199 [0.56976834 0.19782953] [0.46902309 0.98434653]
199 [0.40915223 0.62540509] [0.24338074 0.31956981]
199 [0.76134764 0.59687662] [0.47418138 0.70445652]
199 [0.9683297  0.12785973] [0.02182038 0.66059851]
199 [0.60984299 0.14484058] [0.20916652 0.26296656]
199 [0.8557086  0.03899384] [0.55069596 0.03601087]
199 [0.41554466 0.39994212] [0.68675988 0.87147516]
199 [0.75663129 0.62148212] [0.03541048 0.92035946]
199 [0.71612836 0.69428575] [0.97616087 0.96002204]
199 [0.70797797 0.60268956] [0.72442442 0.62409057]
199 [0.83109877 0.02154121] [0.08545343 0.92471496]
199 [0.77248268 0.33572844] [0.70914654 0.7396215 ]
199 [0.68766748 0.0849963 ] [0.3065901  0.48772695]
199 [0.69439238 0.91406849] [0.76898682 0.21964466]
199 [0.32116781 0.55420682] [0.08340288 0.20677631]
199 [0.34837439 0.17124433] [0.15501919 0.37239604]
199 [0.97025097 0.48407575] [0.19947739 0.29458981]
199 [0.7427493  0.18545705] [0.00448866 0.81876222]
199 [0.25693201 0.8766879 ] [0.95608668 0.03814634]
199 [0.20418126 0.67940801] [0.04603752 0.59139276]
199 [0.72653307 0.29291027] [0.33830459 0.34250121]
199 [0.13789232 0.48182844] [0.06306274 0.97404643]
199 [0.33244195 0.90358899] [0.53435695 0.48585743]
199 [0.56153077 0.13766183] [0.17779921 0.54877416]
199 [0.51106377 0.61161023] [0.58494982 0.57322109]
199 [0.13338924 0.92634615] [0.12307136 0.56535738]
199 [0.77113858 0.91909615] [0.88047383 0.94603603]
199 [0.64860484 0.26755545] [0.58581421 0.65275726]
199 [0.81967385 0.18145545] [0.73061032 0.27576674]
199 [0.26358277 0.81799654] [0.48842444 0.62885532]
199 [0.57102992 0.40356548] [0.71714285 0.84842388]
199 [0.12295743 0.34314869] [0.85119868 0.98708161]
199 [0.35196061 0.85904461] [0.20935756 0.32846474]
199 [0.97213377 0.58207894] [0.33864362 0.82336515]
199 [0.25093893 0.93027263] [0.59101451 0.01065853]
199 [0.15122393 0.12232372] [0.42581662 0.37985765]
199 [0.4653659  0.86171175] [0.93975956 0.3278883 ]
199 [0.83795289 0.42426999] [0.39069342 0.42760573]
199 [0.43659974 0.42751221] [0.4422874 0.7067388]
199 [0.9064086  0.73913521] [0.40788755 0.34487712]
199 [0.45291002 0.942395  ] [0.29829146 0.23833618]
199 [0.41590935 0.1234773 ] [0.44637483 0.88522802]
199 [0.59571346 0.7570848 ] [0.92239879 0.81730996]
199 [0.18140941 0.09436453] [0.16818553 0.45652261]
199 [0.32174841 0.47923493] [0.8349062  0.53904759]
199 [0.12030756 0.07545523] [0.75359267 0.21357953]
199 [0.51131439 0.66214756] [0.7724982 0.9510582]
199 [0.52216928 0.36946175] [0.32074838 0.83195182]
199 [0.60088134 0.63033497] [0.32489822 0.30952656]
199 [0.10494863 0.9891899 ] [0.58977528 0.94437586]
199 [0.2322093  0.08153877] [0.73692138 0.50098264]
199 [0.78628729 0.75604049] [0.37479529 0.88924405]
199 [0.26903057 0.53068117] [0.51700607 0.00087567]
199 [0.37043298 0.85651865] [0.89848726 0.76956483]
199 [0.71620316 0.40647098] [0.40392703 0.41188421]
199 [0.47223965 0.50352394] [0.27604414 0.10634794]
199 [0.01440607 0.25776557] [0.33961989 0.61397731]
199 [0.49146483 0.2616891 ] [0.44696335 0.41351381]
199 [0.38876912 0.45799953] [0.67609002 0.49375389]
199 [0.14595631 0.58227195] [0.62588374 0.55705523]
199 [0.53192607 0.38117697] [0.23842515 0.4420864 ]
199 [0.78399628 0.31940429] [0.78102454 0.151401  ]
199 [0.49543469 0.53106392] [0.52377123 0.39149076]
199 [0.71704906 0.98337643] [0.3242199 0.1988971]
199 [0.7419014  0.20416692] [0.63615812 0.06127635]
199 [0.13940365 0.46335481] [0.71726151 0.73761221]
199 [0.78707709 0.27767972] [0.72737933 0.89744819]
199 [0.74154352 0.45469285] [0.08709462 0.66470122]
199 [0.45391988 0.74804648] [0.982989   0.79218819]
199 [0.62118843 0.8191745 ] [0.71009272 0.39758978]
199 [0.80879406 0.63555514] [0.42231786 0.62672914]
199 [0.08819882 0.7462252 ] [0.0785025  0.49498309]
199 [0.510539   0.77793574] [0.2450415  0.48288156]
199 [0.14333236 0.20934323] [0.65637625 0.85278539]
199 [0.41816181 0.40133222] [0.80121953 0.32898242]
199 [0.29194174 0.83072131] [0.45382267 0.56778727]
199 [0.93686356 0.7728236 ] [0.41146661 0.92858701]
199 [0.79596983 0.54131856] [0.20367795 0.63524205]
199 [0.2580645 0.1785707] [0.44025685 0.99895536]
199 [0.62125852 0.85834157] [0.66249343 0.60876144]
199 [0.42020923 0.95327951] [0.19888734 0.05328093]
199 [0.99840273 0.41397334] [0.30374338 0.86619731]
199 [0.26054715 0.8100954 ] [0.3346571  0.80548283]
199 [0.27406114 0.13563163] [0.05714799 0.8523652 ]
199 [0.64646451 0.86426069] [0.7278046  0.46315392]
199 [0.51480347 0.70206569] [0.33110744 0.60985979]
199 [0.23734338 0.52663897] [0.65400385 0.96707041]
199 [0.70296511 0.87801588] [0.95079156 0.76452771]
199 [0.96931755 0.71719273] [0.45594343 0.8267889 ]
199 [0.60104483 0.02720663] [0.72466531 0.95835636]
199 [0.19574159 0.90759334] [0.67549447 0.05898021]
199 [0.01385359 0.54276189] [0.03856683 0.96645089]
199 [0.35152522 0.19014142] [0.16249719 0.58972842]
199 [0.77330461 0.26990475] [0.64350321 0.57975959]
199 [0.76922435 0.84280548] [0.41885535 0.13760059]
199 [0.11701779 0.15970601] [0.73578352 0.76525862]
199 [0.12850111 0.83009515] [0.05939585 0.71186467]
199 [0.60633226 0.83222314] [0.90676871 0.73309176]
199 [0.68232722 0.9664806 ] [0.9051386  0.47639381]
199 [0.14281231 0.2062771 ] [0.16285512 0.55225526]
199 [0.77750646 0.3008158 ] [0.93390611 0.08848115]
199 [0.1627354  0.92651761] [0.66630352 0.40866883]
199 [0.98842445 0.54179701] [0.15963523 0.99080661]
199 [0.21713332 0.19501448] [0.77067864 0.15309829]
199 [0.86064089 0.49867174] [0.08404189 0.36060675]
199 [0.10990079 0.32609195] [0.55279402 0.31589959]
199 [0.14470548 0.16561237] [0.04269515 0.47612151]
199 [0.12384771 0.08981913] [0.74397161 0.69251497]
199 [0.2782132  0.22102032] [0.41389125 0.74146626]
199 [0.86222102 0.49985878] [0.95131551 0.78177539]
199 [0.87648364 0.71587057] [0.32626688 0.09845497]
199 [0.44609825 0.19350972] [0.26001669 0.38102022]
199 [0.2908745  0.23050307] [0.20147301 0.55501968]
199 [0.2137596  0.30174917] [0.16439861 0.72183017]
199 [0.10131065 0.9970446 ] [0.39742475 0.61648988]
199 [0.21340433 0.73178243] [0.2101112  0.41679132]
199 [0.53520192 0.18889373] [0.34032878 0.28908887]
199 [0.64561282 0.38315387] [0.81918521 0.21831766]
199 [0.45564546 0.37109585] [0.8151576  0.81367819]
199 [0.0373462  0.70958275] [0.06192467 0.77832858]
199 [0.95382283 0.90448482] [0.52826683 0.11177006]
199 [0.57194517 0.93380083] [0.55535972 0.801242  ]
199 [0.57705324 0.23038157] [0.81067916 0.59717809]
199 [0.04287108 0.01386875] [0.15656847 0.28847636]
199 [0.18275498 0.87596097] [0.61354371 0.01417725]
199 [0.80439094 0.90520917] [0.64259482 0.1896676 ]
199 [0.70426806 0.39650872] [0.0639964  0.86760863]
199 [0.46165909 0.06920009] [0.98168765 0.60597263]
199 [0.71756343 0.72124799] [0.35149518 0.44265158]
199 [0.06128142 0.30427119] [0.01426121 0.39795324]
199 [0.6345654  0.92438842] [0.70369679 0.64389871]
199 [0.09818041 0.40264609] [0.42720411 0.05362642]
199 [0.66534866 0.66298546] [0.00703209 0.86476059]
199 [0.02874382 0.42021924] [0.1277515 0.5133897]
199 [0.7492086  0.68677237] [0.42439683 0.79611317]
199 [0.30387656 0.81481377] [0.48580805 0.69567738]
199 [0.36072812 0.03060834] [0.30015341 0.80723812]
199 [0.60459508 0.23359152] [0.08115925 0.36768499]
199 [0.02437163 0.9215107 ] [0.20489117 0.32290041]
199 [0.94385712 0.98851398] [0.7602242  0.29427514]
199 [0.85252375 0.8467481 ] [0.53913941 0.36760601]
199 [0.07149892 0.64234926] [0.63649832 0.44039511]
199 [0.5396124  0.23963818] [0.89502275 0.48099298]
199 [0.70688141 0.8740261 ] [0.32244566 0.95836628]
199 [0.76913789 0.05675156] [0.59451672 0.87435054]
199 [0.39584111 0.44750758] [0.64572059 0.66565202]
199 [0.38421586 0.91157273] [0.15404298 0.96052024]
199 [0.8543412  0.31739031] [0.0761577  0.98498759]
199 [0.76752752 0.22515977] [0.62976822 0.7208369 ]
199 [0.55398503 0.81598599] [0.97734107 0.42566147]
199 [0.79008197 0.58755008] [0.48198105 0.42598996]
199 [0.75274334 0.93706704] [0.62670824 0.76798636]
199 [0.23014493 0.14944221] [0.425384   0.41799578]
199 [0.4867897 0.803317 ] [0.95311425 0.99296647]
199 [0.50405055 0.93891658] [0.70515977 0.9980321 ]
199 [0.08240683 0.21366417] [0.62473789 0.64805521]
199 [0.23585031 0.11496244] [0.75114528 0.24632058]
0.021394273863666113 197
0.020750757943272764 197
0.02017564302616189 197
0.01964978878817189 197
0.01912956072882809 197
0.018545086927864742 197
0.018012722085349656 197
0.017562812388838292 197
0.017111048324505426 197
0.016618863741035522 197
0.016186329342205503 196
0.015843677475807564 196
0.015498946064217282 196
0.015171274186094671 196
0.014822955905715458 196
0.014482590427307136 196
0.014252281364882836 196
0.01408892612615586 196
0.013977126177447044 196
0.01384042862766901 145
0.013723340833317827 145
0.013629870757410626 9
0.013520783790883263 64
0.013449303605120352 124
0.01342605963075049 108
0.013424494594549093 102
0.013415497656373263 184
0.01342910532108402 44
0.013440798590715482 7
0.013448456099889813 133
0.013449368466299065 167
0.013457416437121544 28
0.013484688819995785 28
0.013494388866724062 95
0.013530871689212591 95
0.013573726620959441 23
0.01363761504278487 23
0.013749655096388239 23
0.013800304559784132 17
0.013837375719978765 17
0.013926596713780971 17
0.014085620546079381 17
0.014334066720082273 17
0.01468871671793587 17
0.015173577335227737 17
0.01581456206538525 17
0.016643536700131988 17
0.017685732306511194 17
0.01895953274056767 17
0.020502577487040978 17
