199 0.6517959720547408 0.41596077193410574
199 0.8517505779458794 0.1260492019022087
199 0.21753082655130207 0.14041494203394778
199 0.5226679557710802 0.28678278957485537
199 0.4445400598843242 0.9764627083321177
199 0.10656012160322759 0.9416344164143641
199 0.7714607514719326 0.8271479395291302
199 0.8471717128635231 0.07481660092842801
199 0.8752638924985582 0.7743874619674496
199 0.20917349215350722 0.06054442269428162
199 0.4768185147448456 0.4452574475264378
199 0.02178772727248568 0.60536490016793
199 0.9733900016518985 0.9842492512477549
199 0.5196307600612511 0.7113072941239544
199 0.43874813180943917 0.9171066715383391
199 0.41916358731044934 0.522136120205268
199 0.5821858589649082 0.3187927536459181
199 0.5928464256953809 0.04202514586632866
199 0.25444634981325953 0.12521294142987816
199 0.05647784803106859 0.46181587260553936
199 0.6871625183613319 0.3530504714148489
199 0.05150197986259619 0.6458649558647732
199 0.9556051972627375 0.8169671959803264
199 0.8596392402034506 0.7102065289614057
199 0.2115334142649774 0.5752244702751976
199 0.4119017138414771 0.6833380112366595
199 0.4636829926562731 0.9776368986832839
199 0.0620773400098813 0.12761274183591376
199 0.2894954791276607 0.7833670338804305
199 0.36632254072535597 0.5061846832848167
199 0.7291159999637137 0.2741117587970947
199 0.6667427528269839 0.38328270807771425
199 0.9183593792048638 0.6569484655131244
199 0.2176497744803766 0.8670549641622449
199 0.8977780442313197 0.3764640703030512
199 0.606380743745784 0.07117293044015649
199 0.562070390879322 0.963974456738084
199 0.6169429993797447 0.7657407619384311
199 0.6080531645043471 0.37091022799810947
199 0.23882430572716407 0.48996654971429976
199 0.2835252637285327 0.11313893777781503
199 0.45578751692786257 0.8517496606739787
199 0.3628546227786489 0.6283641838220067
199 0.013476912738625169 0.15492578080956743
199 0.9249933938058832 0.3076771566634612
199 0.6637848534168566 0.3525248583780968
199 0.9680944290916588 0.4597344747809843
199 0.0950306002298611 0.2771384740920966
199 0.03488759057979851 0.4349664276805081
199 0.20775738391958243 0.6758629099834652
199 0.0709610074177962 0.7611810233488153
199 0.26919248437665755 0.9721016007745397
199 0.995874785174516 0.7965758813256058
199 0.7809279271410897 0.3181153716599757
199 0.2072873839143018 0.5499047987718674
199 0.6564559535276928 0.07277057461531011
199 0.9459361378805002 0.47287749161359416
199 0.8409576770370949 0.8828596416460271
199 0.7361724609065339 0.5381775461869636
199 0.23310316458102498 0.49304894903200525
199 0.7580557958560669 0.36321105303759305
199 0.30516697764514955 0.20815438816299126
199 0.9591192658127143 0.6905434481753374
199 0.499332860006668 0.7536652178830466
199 0.5023137531161538 0.43980408298566465
199 0.7333109175774626 0.133709238812332
199 0.6035551107877989 0.11606846265481519
199 0.7150508891347028 0.8747129538071313
199 0.23127704771017799 0.947056869662237
199 0.8808691962989246 0.7240139143679011
199 0.9712158926485146 0.30995535157585163
199 0.7291767356528152 0.05404997388794752
199 0.5684388529495524 0.25489353650506175
199 0.31853045430928195 0.2420178336994122
199 0.5541242988061409 0.584782744784302
199 0.7649545496850273 0.6856808442474096
199 0.4964895779844446 0.5687566028618339
199 0.5085416943397875 0.795446041475621
199 0.6509674011574627 0.645318536239626
199 0.04708013359547736 0.8460813854982422
199 0.5347286528033225 0.5187904392518943
199 0.8919264695288243 0.44124274597540036
199 0.1851521425478152 0.1432253895496609
199 0.448751419431037 0.31973076647269383
199 0.46508236278742665 0.4028275168285158
199 0.5426953318123457 0.8334130492484144
199 0.3936011390489397 0.016334798150303698
199 0.6471428440729511 0.16537580392504303
199 0.8401049312952689 0.8846715759733903
199 0.9961716560311754 0.7632338495351474
199 0.5730562747392056 0.04138058450627702
199 0.7553863104701802 0.36605586280029
199 0.42073703785722716 0.8163550496334598
199 0.09096140155474275 0.2545163256624049
199 0.657182625725814 0.30346373807942695
199 0.4570540068357406 0.4178749316785322
199 0.029690664953492707 0.3379422505564329
199 0.9674176959419418 0.5110575899496378
199 0.5241491063731457 0.9640832876248094
199 0.309753612790733 0.17072351017546317
199 0.9258882241356398 0.6125434656345367
199 0.9311992831741774 0.8999785912019193
199 0.01571953040548635 0.17390508792794102
199 0.7000496230090786 0.7022278354622464
199 0.6768503273364623 0.4311317455630762
199 0.6410942072113905 0.8481508930804809
199 0.09827591931226975 0.6071453800510348
199 0.6669888723741308 0.44807803253885814
199 0.2967418378552915 0.21438067268928962
199 0.9509808304690566 0.03329144182239485
199 0.05948869040043392 0.12074886398370488
199 0.28413921235630246 0.6064606517390139
199 0.3267753062224965 0.5826545710506756
199 0.2420195007267263 0.3083681925166212
199 0.5433767671030731 0.11522788509436344
199 0.503571674127731 0.6569596911861664
199 0.09832387796678033 0.29808981677923796
199 0.7623497600480916 0.13907606985772303
199 0.7080401978882142 0.16667583103195793
199 0.179696426455619 0.9692982541138524
199 0.2559464382896828 0.4318034826245031
199 0.040435022635653683 0.4554749130658894
199 0.5879568713337552 0.4753368449214501
199 0.3652379213453424 0.3150360474855046
199 0.30346441031175553 0.6047049826340838
199 0.7333679858978649 0.8415979016209337
199 0.7637474176937241 0.46683018977446566
199 0.9827779212570528 0.1800469240263266
199 0.10462271550694824 0.47103967265614555
199 0.07058542525605127 0.8753914814117075
199 0.8999228120634039 0.22776972971733156
199 0.3808323463420141 0.7506752809565801
199 0.954577747173551 0.12678600628740533
199 0.5483275087051178 0.7477180671660401
199 0.6042463523918462 0.4625018861356863
199 0.963144942157709 0.0752656074729493
199 0.20882129208188893 0.6425029219843149
199 0.6791856789755719 0.07701743440761388
199 0.9806953336190671 0.5113845867991397
199 0.11988334597940431 0.37807208677505655
199 0.3538804507427329 0.1074070305771262
199 0.7145800332031386 0.59775609644465
199 0.4181848565172508 0.6522296093621968
199 0.3161302879906196 0.5709369306942125
199 0.07274771777550393 0.9905850739965482
199 0.7699993833909219 0.0441842572956771
199 0.6365814641253891 0.28470441962988335
199 0.9632681155986992 0.5855692944442913
199 0.8318962199163463 0.5347733367571188
199 0.67366846063918 0.6535181486276062
199 0.18364949358019056 0.89210838603188
199 0.24628908759166246 0.9822417303968638
199 0.28211800590365455 0.9731459718070754
199 0.4903739739591163 0.8540174364094538
199 0.25649261580040106 0.5546624023163981
199 0.38642420632965757 0.0740404150418672
199 0.4954680244003554 0.9577483266835214
199 0.6424955307215918 0.7368366645301619
199 0.07546482193123394 0.6739229770862389
199 0.48274126978477316 0.5508327586621896
199 0.3243089990442063 0.36355734378479454
199 0.27957353322922973 0.789594997536901
199 0.14860716051089218 0.23662826408596338
199 0.37680409824028505 0.3273954460063606
199 0.3688262834688356 0.3873172999190043
199 0.16901458562563132 0.5993361950528836
199 0.19718172387101196 0.4454182987467803
199 0.6272439312614818 0.48493021343885845
199 0.38925690206612495 0.808407178262531
199 0.20337908520760029 0.02146038619504853
199 0.3787201578448912 0.6007872231306768
199 0.06768518502364629 0.2238575527387915
199 0.574862091272807 0.8619302284408639
199 0.28339222167215317 0.32917625185453947
199 0.7593694832567546 0.5428852539798018
199 0.7862063743322113 0.1282352896382053
199 0.2516607276415055 0.24711387904653048
199 0.16496241716559046 0.32861814642992826
199 0.06303695715828761 0.346903723639016
199 0.05131629753622624 0.06454786310116645
199 0.6069424420883601 0.046152468698089755
199 0.9469116961636819 0.7751696081054382
199 0.007081814778028606 0.07134071842729939
199 0.8990045468803529 0.05527336202446442
199 0.04008335096322291 0.9923611997413019
199 0.45151294520147156 0.00375606170920606
199 0.3403619414934679 0.6769952627265415
199 0.12668235720511112 0.7112842502557836
199 0.07920618519964373 0.6983792548571833
199 0.13848281543381125 0.5357348369834378
199 0.8753857903351255 0.34392580965574104
199 0.4309473409636172 0.553518047212719
199 0.684035305346562 0.9917975651869059
199 0.32866033970132424 0.2619172766613739
199 0.9309240384706677 0.9369620972868857
199 0.009462070066029171 0.4009689439699493
199 0.6743404409460841 0.8292032859743828
199 0.5072996635216054 0.8964539309191678
199 0.25506252411309793 0.5888898034062405
199 0.08885121291247522 0.40948368940495095
0.010152456449915758 12
0.009883981092205176 12
0.009598665878705255 12
0.009315324757816998 12
0.009015819758976282 12
0.008716064999169451 12
0.008423435132966693 12
0.008172642062793839 12
0.007938892053718876 12
0.007722080256781627 12
0.007532746100113441 12
0.0073647701849518694 12
0.007231347415328187 12
0.007141161066095546 12
0.007084844962365278 12
0.007056243625699898 192
0.007052206511809345 22
0.0070517879622652765 32
0.007039611332136476 138
0.007023711067227006 81
0.007010782924403638 70
0.00699665448424268 127
0.006986238242852347 132
0.006984082122528054 135
0.006988743753784739 109
0.00700666377560152 145
0.00703114301176353 90
0.007041791463782686 185
0.0070660653016580855 185
0.007120175728303022 185
0.007174029403437597 169
0.007243865662251162 169
0.007344820603010321 169
0.007479164899065166 169
0.00765035695593564 169
0.007860221916609685 169
0.00811317052983313 169
0.0084133747009938 169
0.008762347521633115 169
0.009165384680166587 169
0.009625041136510464 169
0.010144908148749644 169
0.010731527615935915 169
0.011381003658604696 182
0.012076981393814282 182
0.012847332634920692 182
0.013691143506471763 182
0.014612612945505213 182
0.015618751364699406 182
0.016700244969558912 182
