0 [0.16251158 0.67671896] [0.63042392 0.78130477]
1 [0.49972291 0.11914085] [0.06714149 0.28044922]
2 [0.28380292 0.30564511] [0.28300358 0.03796681]
3 [0.73741597 0.55617391] [0.43725647 0.66607678]
4 [0.19103498 0.3756735 ] [0.23054273 0.59134096]
5 [0.40433179 0.13989109] [0.40504946 0.65193141]
6 [0.73299785 0.25377837] [0.06527592 0.84986618]
7 [0.59078166 0.77431319] [0.79976417 0.96239643]
8 [0.33633491 0.38100305] [0.17411989 0.53748809]
9 [0.55283115 0.70402307] [0.4434346  0.93197305]
10 [0.9425714  0.71408237] [0.65581071 0.19193788]
11 [0.56307362 0.77669756] [0.78470889 0.89788641]
12 [0.24146242 0.94896664] [0.31053533 0.37927988]
13 [0.04156661 0.46121471] [0.74616631 0.1421932 ]
14 [0.95235181 0.81231798] [0.44876525 0.38343267]
15 [0.49978666 0.93573331] [0.68477306 0.89505342]
16 [0.03601069 0.66063851] [0.40569312 0.77468859]
17 [0.80183671 0.74143832] [0.03536484 0.95930832]
18 [0.74448234 0.92253065] [0.30891729 0.2569568 ]
19 [0.27531426 0.5506573 ] [0.92849396 0.42706032]
20 [0.86688794 0.27012803] [0.66902204 0.71666239]
21 [0.31619136 0.90285531] [0.42857921 0.77772832]
22 [0.37674999 0.74092774] [0.47946042 0.50492701]
23 [0.58295282 0.4374571 ] [0.22297285 0.50355027]
24 [0.31479824 0.51248006] [0.6371674  0.05105225]
25 [0.36443399 0.84112792] [0.66288131 0.62740229]
26 [0.20768709 0.69908581] [0.20383235 0.95688711]
27 [0.3326561  0.57728896] [0.11966234 0.40106668]
28 [0.60750641 0.89135269] [0.03201025 0.35548432]
29 [0.21434954 0.73230038] [0.32017908 0.58572364]
30 [0.83294528 0.82349898] [0.78311123 0.68531529]
31 [0.32427515 0.82563193] [0.41530025 0.87535587]
32 [0.06644282 0.74405878] [0.45034556 0.02055185]
33 [0.09618139 0.56409041] [0.7793227 0.1121447]
34 [0.95424549 0.24965098] [0.99789647 0.50169867]
35 [0.69609658 0.91394429] [0.70601195 0.85383515]
36 [0.79228885 0.7538348 ] [0.32908884 0.48794791]
37 [0.099157   0.95519553] [0.68398845 0.89493692]
38 [0.59769337 0.76171737] [0.4929219  0.07909458]
39 [0.778419   0.24948871] [0.25723972 0.74600373]
40 [0.83027454 0.70752366] [0.13181432 0.57424833]
41 [0.13618458 0.35441882] [0.28815768 0.51322222]
42 [0.98041297 0.26219296] [0.44950802 0.30590768]
43 [0.37682081 0.39159921] [0.0619844  0.16392897]
44 [0.97855553 0.68338133] [0.47244808 0.74654556]
45 [0.24561951 0.62646064] [0.61583797 0.43195206]
46 [0.11062301 0.83505087] [0.21107387 0.60031452]
47 [0.89076488 0.91593474] [0.02682307 0.2761806 ]
48 [0.97077511 0.56912277] [0.76205381 0.15810773]
49 [0.59504219 0.63671285] [0.80106015 0.52870974]
50 [0.91454736 0.28777857] [0.84807114 0.9229768 ]
51 [0.54814018 0.94903068] [0.92687002 0.12532971]
52 [0.25598925 0.6189915 ] [0.13104304 0.64731714]
53 [0.87806033 0.98600908] [0.03469128 0.34394176]
54 [0.83360792 0.00473421] [0.84470955 0.23097658]
55 [0.18161215 0.67853971] [0.1670454  0.81032845]
56 [0.75900221 0.67426554] [0.29208224 0.08013886]
57 [0.02238082 0.3277766 ] [0.0583728  0.94988132]
58 [0.90323437 0.45647387] [0.029012   0.26942208]
59 [0.39373231 0.32549147] [0.79054622 0.44115976]
60 [0.23679179 0.53944748] [0.98131031 0.15387768]
61 [0.47300464 0.44719783] [0.70082275 0.07899185]
62 [0.42934579 0.3648801 ] [0.69214992 0.71831086]
63 [0.96812603 0.69732336] [0.55003888 0.61447863]
64 [0.8573188  0.43496076] [0.95667738 0.75636866]
65 [0.22870514 0.70925503] [0.63953522 0.20489862]
66 [0.52659493 0.32849525] [0.48658538 0.20560774]
67 [0.64704208 0.55186822] [0.40779659 0.83628055]
68 [0.14280141 0.97114629] [0.59890461 0.63287865]
69 [0.15262695 0.55450532] [0.57816256 0.37056125]
70 [0.36319382 0.00488098] [0.29090242 0.86153876]
71 [0.61920037 0.50914977] [0.88284422 0.25817312]
72 [0.40007206 0.2241367 ] [0.59222239 0.38500382]
73 [0.77698553 0.64943649] [0.95648265 0.94671978]
74 [0.8163377  0.64814336] [0.89710476 0.21789032]
75 [0.82078298 0.46336915] [0.29453219 0.58137429]
76 [0.56320949 0.88603257] [0.71423015 0.93405458]
77 [0.4544918  0.37397387] [0.36093124 0.14266717]
78 [0.87907632 0.5098642 ] [0.6485444  0.33289491]
79 [0.87286722 0.26920073] [0.01221317 0.82711711]
80 [0.27424394 0.65736047] [0.34076514 0.31296312]
81 [0.17980997 0.24823117] [0.69236665 0.51582139]
82 [0.08099622 0.75384703] [0.71712683 0.89085133]
83 [0.24497305 0.82020803] [0.68391196 0.41763506]
84 [0.61417466 0.19297761] [0.33623218 0.20864298]
85 [0.42866898 0.62916886] [0.22922742 0.43485502]
86 [0.29528432 0.15771063] [0.53388332 0.51473396]
87 [0.77167376 0.00156347] [0.77603964 0.3332634 ]
88 [0.47615351 0.37822623] [0.40240513 0.88895011]
89 [0.34246276 0.02520796] [0.37318791 0.46642932]
90 [0.09267901 0.46963097] [0.32274137 0.72281643]
91 [0.2288711  0.17686304] [0.06247087 0.46406932]
92 [0.42091317 0.94381886] [0.95672289 0.91033812]
93 [0.09810032 0.49594482] [0.52974398 0.38240786]
94 [0.10248257 0.64994628] [0.32873985 0.10968407]
95 [0.57764484 0.96400693] [0.39712735 0.19192858]
96 [0.26355399 0.62612498] [0.49653164 0.83086627]
97 [0.10081142 0.04535983] [0.71219669 0.29496224]
98 [0.44752725 0.85312038] [0.77822816 0.31909686]
99 [0.8364691  0.23308277] [0.72933984 0.24439672]
100 [0.85767143 0.688489  ] [0.3524335  0.75207038]
101 [0.89044797 0.69094807] [0.40133917 0.55882622]
102 [0.03332097 0.09068025] [0.95874966 0.72990705]
103 [0.50227013 0.64769768] [0.07829155 0.80856481]
104 [0.80973948 0.7337809 ] [0.098751   0.18405458]
105 [0.77729073 0.03494405] [0.11103619 0.43559615]
106 [0.92916527 0.88716035] [0.38466102 0.96613465]
107 [0.55851098 0.23173537] [0.37677121 0.11024857]
108 [0.2332514  0.51115515] [0.98920311 0.67477732]
109 [0.54316328 0.83267253] [0.03416213 0.25834516]
110 [0.33335184 0.92404866] [0.04588194 0.24715246]
111 [0.88692169 0.31587655] [0.1201485  0.26924902]
112 [0.89872781 0.58239154] [0.03652397 0.49582555]
113 [0.78620599 0.29029948] [0.50042533 0.95476733]
114 [0.06988893 0.97595328] [0.3981806  0.33031203]
115 [0.34703743 0.81569598] [0.67332377 0.09085782]
116 [0.66124668 0.68718161] [0.45654572 0.91295101]
117 [0.18750586 0.79876075] [0.83396834 0.99657353]
118 [0.54308303 0.0501792 ] [0.24251013 0.35407714]
119 [0.43768714 0.67721094] [0.25761542 0.66120155]
120 [0.16702903 0.99741758] [0.43998544 0.67838279]
121 [0.87472408 0.39580698] [0.44622017 0.8456004 ]
122 [0.1955057  0.29548375] [0.86088649 0.07981139]
123 [0.66937615 0.83354921] [0.46329075 0.2962923 ]
124 [0.0907276  0.98191222] [0.98840874 0.28575442]
125 [0.94941254 0.28490693] [0.30547108 0.7321761 ]
126 [0.73997075 0.02095109] [0.41359926 0.06281161]
127 [0.9251017  0.93203867] [0.68871616 0.30506205]
128 [0.02893576 0.12420712] [0.40738508 0.68644584]
129 [0.09609946 0.86272809] [0.27606597 0.7145382 ]
130 [0.79058158 0.2189927 ] [0.78784307 0.65198019]
131 [0.10013085 0.73145119] [0.59433876 0.49506703]
132 [0.58766717 0.2602926 ] [0.88765169 0.71460793]
133 [0.20816973 0.88237193] [0.30685753 0.30286815]
134 [0.28314677 0.70069742] [0.56559451 0.11925409]
135 [0.01072488 0.33832502] [0.77110456 0.8816676 ]
136 [0.39986321 0.35696211] [0.70112077 0.04346076]
137 [0.41596492 0.83969746] [0.32073824 0.99032846]
138 [0.52533335 0.001543  ] [0.60841439 0.60382436]
139 [0.33315792 0.4422638 ] [0.54863294 0.42968749]
140 [0.47561043 0.10695035] [0.25465459 0.12992168]
141 [0.06117615 0.23900153] [0.45759347 0.60298312]
142 [0.76349687 0.87718658] [0.55224376 0.68508426]
143 [0.34819188 0.83095343] [0.41114084 0.6704575 ]
144 [0.42721326 0.66062016] [0.7958698  0.98715221]
145 [0.37646519 0.21924087] [0.76834214 0.02726322]
146 [0.57509214 0.7952989 ] [0.76046152 0.68918091]
147 [0.03966991 0.89198394] [0.64932731 0.7594635 ]
148 [0.3455755  0.16250858] [0.56180621 0.75443776]
149 [0.37966536 0.30411221] [0.80775828 0.72995628]
150 [0.51359051 0.57680343] [0.51248323 0.43508237]
151 [0.22853136 0.16502885] [0.64110845 0.7690444 ]
152 [0.56982093 0.67230055] [0.05867218 0.47756533]
153 [0.68176853 0.54049015] [0.98437208 0.71457439]
154 [0.1549122  0.57138358] [0.61285786 0.59816932]
155 [0.82151891 0.52054302] [0.33112503 0.92740405]
156 [0.59952783 0.26903914] [0.68151575 0.25422361]
157 [0.02886948 0.58741573] [0.04139231 0.94710743]
158 [0.4091054  0.91803645] [0.95446349 0.47215199]
159 [0.84576341 0.83647584] [0.21421179 0.43642057]
160 [0.61778001 0.17207128] [0.21060559 0.22551976]
161 [0.02173721 0.56303949] [0.17203629 0.93684382]
162 [0.04775049 0.99861717] [0.54896861 0.95801707]
163 [0.55522409 0.15976919] [0.01762851 0.3119836 ]
164 [0.9126076  0.39524163] [0.49598019 0.10777463]
165 [0.75796762 0.40171802] [0.98636285 0.26192175]
166 [0.73748067 0.48608027] [0.91807879 0.77906884]
167 [0.75960685 0.38647232] [0.612171   0.28473938]
168 [0.98959647 0.99858704] [0.13210766 0.59427451]
169 [0.98133146 0.50270789] [0.0069058  0.64129354]
170 [0.87667069 0.36310434] [0.97023848 0.64691619]
171 [0.82116861 0.24038601] [0.45489688 0.72154518]
172 [0.60377125 0.34168162] [0.52513071 0.2310652 ]
173 [0.29428338 0.99794994] [0.50373449 0.34973781]
174 [0.46421104 0.01159445] [0.97795613 0.66720601]
175 [0.48517066 0.33593449] [0.7312373 0.9575227]
176 [0.3371217  0.97996395] [0.70312942 0.38745174]
177 [0.78062641 0.31118254] [0.97044366 0.24341059]
178 [0.98817062 0.30395656] [0.47500793 0.04136087]
179 [0.95122083 0.84759111] [0.64408559 0.49114861]
180 [0.63727279 0.50156108] [0.65235183 0.55533794]
181 [0.41549628 0.36566955] [0.20707566 0.08380465]
182 [0.45759491 0.63813671] [0.35246261 0.1012446 ]
183 [0.05180087 0.16860171] [0.87614066 0.98725252]
184 [0.48401695 0.67283635] [0.49509899 0.32944326]
185 [0.56744661 0.5214746 ] [0.19097724 0.98915054]
186 [0.58263417 0.68996432] [0.42433927 0.23692824]
187 [0.16907618 0.92894777] [0.72238401 0.23353055]
188 [0.7327515  0.97066714] [0.99299934 0.14484345]
189 [0.26273085 0.35324737] [0.74425431 0.34393807]
190 [0.20937788 0.43061805] [0.41861138 0.7221935 ]
191 [0.88177689 0.96762199] [0.45734473 0.5332257 ]
192 [0.17450708 0.58207796] [0.05503102 0.16366111]
193 [0.41690351 0.78215124] [0.91773425 0.74539988]
194 [0.65771866 0.7220844 ] [0.92935193 0.64090972]
195 [0.21614087 0.70343418] [0.79610792 0.39617365]
196 [0.02450139 0.82106433] [0.08060922 0.41047185]
197 [0.35014425 0.36638885] [0.33519335 0.02399048]
198 [0.62932009 0.01365517] [0.11322042 0.66828315]
199 [0.47706607 0.06054513] [0.7401263 0.1200734]
0.10044715296802513 183
0.09000400145783186 183
0.0844471783197353 183
0.0817140890839622 183
0.07207388188343417 183
0.06965477891578738 183
0.06615242615366962 183
0.06292811857171562 183
0.05718653036714264 183
0.05521607670962915 183
0.053167756078075994 183
0.05142941390593954 183
0.04954152179783211 183
0.04718444445513846 183
0.04442971695872931 183
0.0430360460539191 185
0.04126131133802959 183
0.03782744161675297 183
0.03592056370978361 183
0.03407892155593105 185
0.03265653491998343 185
0.031403928773911974 185
0.030483836818917757 185
0.02981984634160861 185
0.029298198462454243 185
0.028874686567302306 185
0.02866980312616852 185
0.028482737077657305 96
0.028457677218156712 46
0.028500521368522894 176
0.028536919698166213 124
0.028550581466866093 188
0.02864507856237907 115
0.028699886579375646 32
0.028830212396451435 32
0.029182774336162422 32
0.029439130492891655 197
0.02981611280403959 145
0.030264797764912598 145
0.031006717145439042 145
0.0320958970508007 145
0.033589497573285804 145
0.03553794356243023 145
0.03801201250008758 145
0.041079502893685664 145
0.044880712646716385 145
0.04953421362840396 145
0.05522048043446781 145
0.062181888221657926 145
0.07063094091465719 145
