199 0.8947748949042565 0.01829319135707308
199 0.7144596079718861 0.2061103866969224
199 0.2199376824552186 0.6105400566429827
199 0.6540517204767933 0.18885833737720825
199 0.930790910922172 0.4498498717988485
199 0.6311048574931023 0.49445733548330617
199 0.4108709075852358 0.9693572235272276
199 0.38846016744734346 0.38966215312126584
199 0.5078412475409432 0.192375846369089
199 0.34180174110144934 0.8281874391945688
199 0.13478404382713505 0.10182729107560595
199 0.949974294192119 0.5060603013795368
199 0.48489669993336504 0.6902531472979009
199 0.6882768131890695 0.6899221523484074
199 0.6066689136593617 0.6447944457094209
199 0.14284732999053273 0.8387719114164144
199 0.4264450148025616 0.7379442189680488
199 0.33682075667884626 0.6309920861970273
199 0.5961977912073361 0.945037915700298
199 0.9076830858793551 0.48984395296706995
199 0.9819872274286863 0.1999260907356234
199 0.16345803122938152 0.6485177560985342
199 0.4149259744248813 0.05227904603414768
199 0.7749191734182671 0.529981329810255
199 0.34563994471981696 0.7947106570580665
199 0.5005475609383447 0.051165401876629324
199 0.17035391119896826 0.11446994869042915
199 0.14643528768485237 0.36953243500400956
199 0.1865227317967162 0.25437880174551875
199 0.1505301557076174 0.3317240261072022
199 0.000940902705009572 0.5919673149809658
199 0.6002098344635465 0.7229718873839613
199 0.020612185157111718 0.45812622233788747
199 0.8172974293067987 0.9843937685015335
199 0.8651776573441138 0.7621011028351752
199 0.19713799677919586 0.8470738617814725
199 0.1308623086979317 0.6742559173701721
199 0.44704459154399945 0.18946883928288027
199 0.8556272165472509 0.5656070463564
199 0.7952635920853883 0.7553341869852535
199 0.7953904256429426 0.5797848339280517
199 0.1341985061650781 0.7376591190863253
199 0.05775206381022091 0.4723637782157851
199 0.2672874601015086 0.4398066988817969
199 0.3633158308561466 0.03289373270431206
199 0.7484420812932252 0.37505066613979166
199 0.5345914495884289 0.0034270538361214076
199 0.8206802207695322 0.10346927423363395
199 0.5282580968729922 0.008234489161682124
199 0.4064533585239898 0.49060756048807275
199 0.978750671467162 0.5353989368462335
199 0.35165209921728746 0.9668269519270228
199 0.05646961485109625 0.7759670205416385
199 0.5196421802510436 0.6867459969828377
199 0.04637842363606215 0.15842706819095587
199 0.37552964116665566 0.5923623070457175
199 0.6545609465906208 0.7855324007628397
199 0.7359058622407069 0.12922880484817933
199 0.1028080369903871 0.6004904391195273
199 0.11113605959415074 0.013636954816205193
199 0.10357783179167646 0.07687231565028074
199 0.16236158228390174 0.12124195347687095
199 0.21248356992508166 0.24450372656381103
199 0.25591634207610003 0.07845244483991021
199 0.9822720947148317 0.021395077694535858
199 0.5544682500877464 0.8282596761144545
199 0.8424760525247572 0.9471260495458831
199 0.3143384852848219 0.7410647289648552
199 0.18361902161848498 0.12360292613808077
199 0.7341500477336825 0.656697455538579
199 0.014571558581365052 0.42940484356547204
199 0.5166694930904498 0.9247415711201059
199 0.7278122846292325 0.25692077146682135
199 0.46956385993838945 0.910012036304609
199 0.8731570949649047 0.22747308066684557
199 0.8552746302403678 0.24015521542517992
199 0.6928998251536748 0.15780948074197831
199 0.018358001855826145 0.9955638889107954
199 0.3952481968191721 0.6527146430080583
199 0.105479614990313 0.7455618406646843
199 0.2555644966447269 0.23162463887934925
199 0.9638333972010059 0.32979287397329893
199 0.9984778979864034 0.13629968390142422
199 0.04586100157134487 0.3626993101264764
199 0.9914430937469783 0.006186038601100674
199 0.28472574189761113 0.15591013950349497
199 0.9201082208126445 0.030572716049929616
199 0.30610677695848587 0.09469563369152911
199 0.12708853535369846 0.5358793712580864
199 0.3371656716818382 0.4097389589883418
199 0.9176423901858188 0.8549856948309933
199 0.843394917248747 0.7462745078747562
199 0.1706668451553085 0.14420293149549435
199 0.2846906481811694 0.44420943267006385
199 0.9325830743610738 0.9623339084855289
199 0.16735667994493209 0.4457998254413926
199 0.5275194857017077 0.6512096574113959
199 0.4794638209203772 0.09099843229183446
199 0.596642050733378 0.6831366002366592
199 0.48944622123013315 0.38257860774414676
199 0.03661259100954928 0.17918532575684665
199 0.34268396884775343 0.715295665390372
199 0.4125197537477904 0.4495142096984791
199 0.2927371131793398 0.8828926557316317
199 0.9229850659536895 0.5328609274100976
199 0.5559057897772968 0.2721526742474525
199 0.8557638045556298 0.7408740011637922
199 0.3861293180219537 0.6851176439409298
199 0.6759330341907455 0.19910980609201967
199 0.5398945628158818 0.5036900494833171
199 0.9968082467087479 0.8263805770195699
199 0.3296977847830749 0.0872612446914135
199 0.9671336145285283 0.7277439377141881
199 0.13924169196272462 0.38458140732882884
199 0.03392817021639627 0.4812667466005802
199 0.17418346403833262 0.48918773196991927
199 0.541812425431115 0.8694308291832711
199 0.021182402530155686 0.36919524107979806
199 0.2329637189328464 0.19450218227716343
199 0.917803148300688 0.20207553257894983
199 0.6843214138943923 0.00994272832024301
199 0.8407778417707638 0.02905154560361123
199 0.02202373182084072 0.968412050318213
199 0.6810341874478489 0.9184099716101813
199 0.01673848675687395 0.3419686976625611
199 0.8288262474828187 0.7943204492895883
199 0.14935638466053192 0.8527285242307586
199 0.47887698526538913 0.08732732489065398
199 0.10247654286437358 0.34361454900112376
199 0.24076724418731343 0.5154300271768641
199 0.010533633074725879 0.5227233504358589
199 0.37165299927495776 0.5903149099062285
199 0.3089471919106126 0.49455473145863715
199 0.28715080100278056 0.07021425060538922
199 0.6554215587899095 0.38311231491061737
199 0.1488488239077843 0.9528144146112038
199 0.32173998802568315 0.9974900443460929
199 0.23208034675045652 0.9929798794656197
199 0.9979420947581542 0.05331814558494086
199 0.5387964026457426 0.6107317992806512
199 0.667108128593789 0.7707707118436818
199 0.5476321167329835 0.26388318946193623
199 0.9522388572115896 0.8657419804669967
199 0.9027363827535703 0.03857878065365583
199 0.6103870141315303 0.43889850544702336
199 0.16748750627890918 0.5063629711001136
199 0.145421120384142 0.4272506537141205
199 0.2322094594302906 0.6341578716468887
199 0.8129892162251886 0.6971239158668114
199 0.14379941920239547 0.39873813050537243
199 0.9768066841923803 0.9248962190241038
199 0.6217001718319191 0.2390666799113066
199 0.2945701701551432 0.050271247722923906
199 0.030789392033283458 0.7379576755359156
199 0.8192322737238784 0.1108567447365344
199 0.7108209868364178 0.047262946020441454
199 0.21612446968148502 0.603129487055171
199 0.11990424814174017 0.020564581949226057
199 0.8050837693926074 0.21209109310480712
199 0.32945510449561133 0.5971154123081371
199 0.45532977677512143 0.46791700040825546
199 0.5332984039125681 0.02500465215631109
199 0.9461089255895047 0.516633732790368
199 0.8010079645640242 0.47671688415837976
199 0.8559901725270231 0.8137598178103801
199 0.467723514654629 0.12054591358997813
199 0.8892335297958197 0.8178463424124377
199 0.40389593501457777 0.4082038055576519
199 0.22698363365154417 0.2674930347737109
199 0.2336953468195606 0.02186792558022499
199 0.26539143677238164 0.8283223723183251
199 0.7319709698815035 0.7177021860686854
199 0.29886200605717983 0.2354414211907253
199 0.9320137673640079 0.05934741557457557
199 0.832348676920772 0.3425255895687186
199 0.45117757414416493 0.8611902133904171
199 0.866750618415905 0.8353569724706087
199 0.8649195398358549 0.6463728966517979
199 0.8578097274654028 0.7128973846843716
199 0.05162376575736616 0.32909159003960253
199 0.6617115647245458 0.05920713972741076
199 0.8039820597678857 0.08838168712227712
199 0.617218526061788 0.6668461995699377
199 0.389315175913757 0.22268650528144884
199 0.596365275981416 0.3749843047745681
199 0.21341074886301703 0.7151960155436304
199 0.9609146471534008 0.033386886990207865
199 0.8057756881773963 0.30596276697690505
199 0.6334455745649499 0.8248809431164834
199 0.5406695641646817 0.11807478180436448
199 0.9629385414922635 0.3986258625395249
199 0.7120086450324847 0.9755926361409103
199 0.7089400509919074 0.6048801009972248
199 0.5740831984782606 0.8315996792644592
199 0.4261745335852103 0.3358662553445443
199 0.9615284382986927 0.7629930029592112
199 0.17865267333539903 0.8770299183143546
199 0.025436508306150962 0.6087114035826144
199 0.19104920814495363 0.8383186801401871
199 0.9285561186350829 0.7563047542807005
0.937257015392813 77
0.8690043581398008 77
0.5761701629301609 77
0.5364636058324403 136
0.524109720688193 136
0.5189706548588454 136
0.5106020268544009 77
0.26151799177920726 77
0.25258065369836963 77
0.19095579399508206 77
0.18041034512403178 77
0.1024689680482887 77
0.08564902202919536 77
0.07678869534642212 77
0.07178498499530016 77
0.06812625887023316 77
0.06296409509411996 77
0.059617066873578504 137
0.05709411143516229 136
0.05619737975444518 136
0.053575821449870664 136
0.05206225541773814 191
0.050659454732086946 33
0.049456646388112216 33
0.048238606529635214 191
0.046986447682924336 136
0.046064303384110675 137
0.04540796872209084 170
0.045057938383101605 78
0.04463884956852987 159
0.04442218070147567 167
0.04450460700907733 141
0.04461547063683817 57
0.04466202442979777 121
0.04471993788234991 120
0.04488252719528042 46
0.045351903059392046 46
0.04591100071973411 59
0.046215995492311285 59
0.046966372586649846 59
0.048237435938436456 59
0.050043910273141194 59
0.05253425511126356 59
0.05583796905987903 59
0.06017289843192155 59
0.06567459497469784 59
0.07262252450724889 59
0.08127595274709801 59
0.09186585496671552 59
0.10479638209545312 59
