199 0.3018892837053919 0.23570732594345278
199 0.9881353168533883 0.09267713346384787
199 0.6870165509605922 0.7301779233232667
199 0.7665381324341037 0.8303363706179447
199 0.9997053683113462 0.5605225078590826
199 0.371893080143874 0.351889612593172
199 0.7939217349294998 0.5914896987579937
199 0.7884291016686755 0.25288679933017166
199 0.1071574416461244 0.3361441082737334
199 0.703165104441938 0.7465993207498755
199 0.9620983602176505 0.1310899154841223
199 0.3725165003402222 0.8851346976243006
199 0.7142513306084133 0.30352334014958415
199 0.38205042897172337 0.10407707683357303
199 0.9084303594663662 0.7414155424878897
199 0.5517537558115355 0.9581722634088229
199 0.9348764775867855 0.7406385917381
199 0.117614782625726 0.5012977380902438
199 0.7869384129562315 0.8931330558494858
199 0.007909358324032167 0.8158205552655003
199 0.9080111175502262 0.5114184399676946
199 0.08615911679783572 0.2922007259205315
199 0.6665282740652082 0.655817161212268
199 0.27531634778736047 0.4135201406588692
199 0.6185520870410174 0.10896882012286979
199 0.09520707226404446 0.3534645726691579
199 0.49300284242182935 0.8864821204651574
199 0.7466916640061678 0.8580438922813599
199 0.590200299929045 0.0932051107877695
199 0.12272952121730862 0.696198115469447
199 0.5111287940246372 0.24525785589586702
199 0.7932594238462277 0.7928648809879456
199 0.16886182122490878 0.2363072313967256
199 0.1582969284353012 0.6805313507622817
199 0.3768951798306869 0.19924205800443773
199 0.7392823662393427 0.9406220099905692
199 0.5863317242886245 0.46397522490300513
199 0.504491386979968 0.9478462346659337
199 0.320393089787093 0.08982773095398133
199 0.9607258432877118 0.884565416662505
199 0.6931594976670744 0.6121003894486513
199 0.6409583398565826 0.05741176894030464
199 0.23042603827041575 0.8566702536056242
199 0.2915071279085424 0.2880782479075038
199 0.22671033072184466 0.9972987158715435
199 0.8818192297867463 0.5320023364366214
199 0.4235459205692522 0.8544196873001918
199 0.364323404623362 0.8450103307951468
199 0.6514642013103322 0.14902495476391653
199 0.0578291489139251 0.37518785952865796
199 0.33712701578713133 0.2435374909336947
199 0.9812948219239512 0.23728590613004563
199 0.47269625679415017 0.02606839696764285
199 0.3821722675096071 0.523359441517998
199 0.08042652216605617 0.07903274757235645
199 0.19642697010409993 0.6080464669592348
199 0.792526240703203 0.8045870343350704
199 0.8128587762154069 0.4547032426698574
199 0.19303266166662025 0.1312217653902632
199 0.8999331648213825 0.7227031457027361
199 0.217191940204284 0.8174036669004268
199 0.5784571557262256 0.8173514174397799
199 0.3121638630524697 0.3662613349708145
199 0.23638314031674657 0.9435279379161906
199 0.3178939140991218 0.39474417366929737
199 0.9892746879779726 0.6849328901219897
199 0.9992166697984111 0.6569702320385348
199 0.47631272678346515 0.30513927534977836
199 0.7200359517849804 0.93348377402903
199 0.32436013375540174 0.6902449050156628
199 0.017087704861487696 0.08684180673551534
199 0.34834707249627306 0.2990348157573187
199 0.059373949913168134 0.7452836272275801
199 0.4525367704662645 0.04345811727677573
199 0.08597252150745771 0.3051183871472426
199 0.3208597768820284 0.41104418964082734
199 0.006591022430989968 0.8433189501502368
199 0.467217413478348 0.544280075312939
199 0.08054283531604534 0.6488589204459019
199 0.3751943854585177 0.9467336692898545
199 0.47462035776415 0.03712720523075763
199 0.10620675362402099 0.708334425079732
199 0.6851050107405805 0.12534598099990013
199 0.48990476112660364 0.6978337899758651
199 0.7679948986063327 0.8578848973475945
199 0.11974811337972746 0.9213414053095663
199 0.010678491273189983 0.2921784871910449
199 0.8719416394279662 0.47428198027271795
199 0.41140407340300267 0.6010845216217404
199 0.5374032195632927 0.3727751337875572
199 0.2798555485961396 0.3469949051739817
199 0.8409004707849931 0.2899675798874116
199 0.10287544569462415 0.9225695472809972
199 0.7274604920311023 0.8835578684217763
199 0.9282945990207401 0.02493542616239064
199 0.6087750650293785 0.7112198105981559
199 0.8069916260821529 0.17608297008974572
199 0.7426703421840335 0.8959581424336114
199 0.27880678580904217 0.5258427226762872
199 0.1650054171587756 0.3826372353192271
199 0.223519258212457 0.12882229047844096
199 0.894621738600658 0.4885068846711752
199 0.7311278921872387 0.24800654488335816
199 0.8933566037475491 0.16345818003652712
199 0.3309206688317806 0.9114574111985728
199 0.8632115125161411 0.16235559364995056
199 0.11285518771743008 0.3369597225705311
199 0.026506497352616565 0.03234554888452268
199 0.6633993674280428 0.3832285238002999
199 0.2336719654690863 0.8087355901757923
199 0.41480505584091387 0.3153366114063497
199 0.7334834230002769 0.9384682099819214
199 0.5890353286312867 0.15170606490977123
199 0.09635147355618956 0.03292307307257114
199 0.22234443070868048 0.8574828247115486
199 0.19219676729907087 0.9034817623631258
199 0.5840969676930061 0.9903356995440246
199 0.7789235135285961 0.7028112772767225
199 0.027362321126588873 0.5230426184198029
199 0.23855880162416665 0.01808347415125744
199 0.3416032476119736 0.7273482916732026
199 0.02806220248555724 0.6661002959158666
199 0.23122995350966402 0.4224188329441767
199 0.5869606763034324 0.44464392245415385
199 0.5370913402366402 0.5396104326082019
199 0.0600404316448625 0.01971308938520322
199 0.8885171932724316 0.3850899260467151
199 0.09805011235750838 0.3665936663967333
199 0.6857900565744395 0.9054006386015497
199 0.4098288775023309 0.6432241316061857
199 0.6164877704757987 0.8649661852955814
199 0.3599855657679599 0.20267883258026587
199 0.1470825872309085 0.16840492626597836
199 0.1524801659108932 0.5122151692247837
199 0.7369758939553575 0.6119681047284098
199 0.09858920992243436 0.7794850686394815
199 0.7349235959793285 0.1979605409168108
199 0.4006022649661529 0.8468202623168215
199 0.8425004476567861 0.4751445339583955
199 0.6131091886339771 0.4775897829113498
199 0.47853613917353455 0.0665140027337131
199 0.001456942845107001 0.5998884095869544
199 0.3450615084473706 0.21626349893773933
199 0.7489791500289538 0.4183140876759086
199 0.093455189443155 0.8709397366789603
199 0.9186877483165741 0.8079858228267841
199 0.20117387374251383 0.7993386314083939
199 0.9736277055473239 0.9315592175254341
199 0.6956386132749357 0.7251362905396279
199 0.5663536079274469 0.26266617268358516
199 0.20652424553054305 0.6254588406362815
199 0.8920852720138708 0.0713412140730838
199 0.17419413587969768 0.45688015442114516
199 0.1817365394994619 0.5889607635531503
199 0.15769548696948987 0.4279733331348702
199 0.6061477065725462 0.33052498869331026
199 0.9946093414661727 0.4192756607635215
199 0.19413676426211657 0.3627951897589128
199 0.8053184923710853 0.6671654386418493
199 0.846537796466059 0.752902613470065
199 0.41740368711335274 0.2385903117020044
199 0.208867884936924 0.6914972160109948
199 0.45186357107699315 0.1388842790715431
199 0.5799011715086269 0.04091287611888228
199 0.7773885607263777 0.8542438798910206
199 0.27444267836660985 0.2220923969177364
199 0.2747795028159796 0.7635457936079284
199 0.6080114266665352 0.6376341533897759
199 0.24486964109825704 0.6328820051966024
199 0.867392334364112 0.2694210730707932
199 0.14505794955475937 0.35327865860452345
199 0.12589960822814117 0.23258831768468213
199 0.5210043586764034 0.7837613504240356
199 0.742192615352653 0.18419983658665628
199 0.5048705784979667 0.351504686423185
199 0.9659029283730597 0.6080357330589992
199 0.015708772963706985 0.44232724489116027
199 0.9762182739862878 0.37758386823692314
199 0.7988786784473859 0.5065819003311385
199 0.6025067247534558 0.6069220485791758
199 0.15486931977694907 0.08629470865413913
199 0.7594227102527921 0.13518952021691044
199 0.7782795604972561 0.9585640164231669
199 0.12396673302277905 0.8640288603011753
199 0.10224256588984793 0.8770856899038453
199 0.1882503003569851 0.2977569378830526
199 0.9096342300904715 0.47423724438814685
199 0.4696722074413069 0.37832430976195397
199 0.8641054274762093 0.06244528309188602
199 0.3759137393636539 0.3301301650969396
199 0.47936579096824494 0.22272525776729335
199 0.26607794562292697 0.7920564172761675
199 0.4947434902322053 0.5136499923050852
199 0.6129832804530081 0.7266805392612817
199 0.3788586131775319 0.8257731548860329
199 0.06829999206182669 0.023423266475536275
199 0.22336833047033133 0.9818136746207677
199 0.10925947365109268 0.272599654410593
199 0.13753839965866932 0.4038887016764394
199 0.3082639826937419 0.12798019699859253
0.008201367162279734 147
0.007962219115069245 147
0.007718989957777822 147
0.007503694353399565 147
0.007311091025875335 147
0.007139828745347303 147
0.006993721948907301 147
0.006849827040478283 147
0.006701120469584936 147
0.006549570441785665 147
0.006406576874843803 147
0.006252536516468262 147
0.006111033130759523 147
0.005964035404633849 147
0.005844217861125199 147
0.005741097979171661 147
0.005657328467681009 147
0.005581971731840116 147
0.005539709889427217 39
0.005483322712209778 16
0.005442564160479245 175
0.005419154675445637 20
0.00540685054810601 177
0.005406277268661491 51
0.005411553904996545 10
0.005420248464942537 94
0.00542834031180674 94
0.005469783964321511 94
0.005510897470029637 52
0.005560354434991866 52
0.005603684372935939 119
0.0056563352791596305 119
0.005705980959426215 125
0.005755805671470028 125
0.005847759293997893 125
0.005987727021354126 125
0.006180443744503577 125
0.006432440785403413 125
0.006754622637707266 125
0.00715900350107754 125
0.007656950375100674 125
0.008260379484685164 125
0.008989973872079844 125
0.00985910246648982 125
0.01089083484099524 125
0.012106425434695802 125
0.013523310700517389 125
0.01516662282289769 125
0.01706329256887467 125
0.019240637473031195 125
