199 0.32874104602702603 0.05966028314956906
199 0.6439317606078567 0.4561931837011076
199 0.9983374257460966 0.4060023503530573
199 0.29382365271150557 0.09854337182099171
199 0.9362473619219962 0.1008263906131277
199 0.2168948524882104 0.9272366446287535
199 0.5268159334148278 0.9948654878074182
199 0.5147365092217533 0.08408245510162415
199 0.501308727945077 0.5291647203880487
199 0.8761482643583127 0.38612664959101495
199 0.5200873323083185 0.8524175353015391
199 0.24366786904479354 0.9666055489869109
199 0.6529525235479983 0.0336040277122992
199 0.06423708928271166 0.18040479420975886
199 0.24238185749442065 0.17233330223349808
199 0.4353708925381796 0.4008207577537888
199 0.26061562959264517 0.3004497816593922
199 0.8037761942730174 0.12750023465000426
199 0.0405532184715679 0.5999019872799677
199 0.5348080768805012 0.6465019409041034
199 0.9719136744560939 0.4532973331431269
199 0.6150164547920526 0.6083707737731366
199 0.4977900005102659 0.9958986958168567
199 0.5543209335637216 0.7190721425627654
199 0.9402886334913833 0.21256597151354606
199 0.6232621553790935 0.7634835279519044
199 0.5533016555781428 0.27358824287494565
199 0.47439115618347916 0.8636399514897173
199 0.4732462947908388 0.060285271854978895
199 0.35728648462041024 0.47246751017315947
199 0.20593033492783042 0.1726694798586661
199 0.30433657626790833 0.8967174679562876
199 0.2907626162565006 0.721391908956961
199 0.6835438373648793 0.08904776727685393
199 0.4085582181785449 0.4897290541077467
199 0.678273879656171 0.3110817876303067
199 0.8129634731115402 0.8826161457690881
199 0.6360907809905123 0.881371432719642
199 0.15044278935931898 0.9681109526598085
199 0.8700189082817201 0.5156767220791088
199 0.34193075405258155 0.42508963424243695
199 0.864532542847445 0.5447744303880155
199 0.3514465006795475 0.9975473385572892
199 0.39112641496785705 0.6384526528633294
199 0.8164847724085952 0.8339088819478192
199 0.7417565162981168 0.8121237196219718
199 0.29187799691135463 0.7017511392585177
199 0.8367375956791762 0.642923181295976
199 0.3668922629081526 0.6583152329413984
199 0.6617252016080132 0.5793049890922721
199 0.7122397956728335 0.786786244934561
199 0.9914592613496762 0.6141762403768574
199 0.05263982170846537 0.044962715285408295
199 0.26007278360772035 0.7689383438383268
199 0.07957092444797176 0.9354692614589563
199 0.9663453138625763 0.5220299822201403
199 0.17093887642823602 0.27033942584065385
199 0.6971504165754636 0.003118876955630734
199 0.46768317087267575 0.9110685318264025
199 0.3819576285699965 0.3162321412142167
199 0.3836992241479782 0.6886647816267909
199 0.3889667353775542 0.48163208852731076
199 0.08402119688767806 0.888903396608551
199 0.051589891025148216 0.6252504668642784
199 0.46433751836510184 0.5523730083222879
199 0.18268256779272063 0.8957974199450075
199 0.14635771439686396 0.06913152838115844
199 0.08970605790099695 0.7728190885408946
199 0.8030708918874073 0.5761993808874978
199 0.25452962592991035 0.008789991728747948
199 0.3787304904454293 0.42719855016120534
199 0.859330097121028 0.02364318268240273
199 0.8835829927074677 0.5699191854910641
199 0.6307683540610923 0.07645839949177358
199 0.44053381816495985 0.17483512187357952
199 0.5342380864902625 0.7782865056551507
199 0.4206423820175482 0.8719502290271505
199 0.6158507579100059 0.29434120852984125
199 0.3697300046990124 0.14532171419960171
199 0.9027884268930428 0.9850146294358592
199 0.9242040048017441 0.6103574137584457
199 0.9570252898479917 0.4571433127823794
199 0.2023364142965619 0.7175432942966951
199 0.868943470151419 0.7928465055801143
199 0.11184015838232608 0.30808137720767526
199 0.9208474758012076 0.44281256271529756
199 0.3401327809216088 0.5937592360743006
199 0.9586625323876926 0.32555967186830814
199 0.3754935515619904 0.13619082685182493
199 0.4066236701669427 0.6291613056675577
199 0.4761288597924005 0.1840766141324377
199 0.3189773006770391 0.8994907715684513
199 0.7790183917072634 0.5310090409862851
199 0.3775326291285379 0.7747663887953282
199 0.4389771165601988 0.22227609347610378
199 0.37221733901539866 0.1145953951679427
199 0.5910963619179643 0.7189871945524509
199 0.4804142328812403 0.11852239563472533
199 0.24648563899212594 0.7084208711656411
199 0.9364676877450099 0.8487895926862634
199 0.03320115412014346 0.8791449042697043
199 0.49878115604220274 0.4085168830163378
199 0.8337342939233147 0.35670155701200124
199 0.6531783097938932 0.8039540860511373
199 0.13676662882464363 0.4065118763813772
199 0.982112905722149 0.16432498683067975
199 0.22463212443490788 0.17696039175118905
199 0.496754327899132 0.4630332892750769
199 0.9179639468307764 0.5117205377077468
199 0.6357117732395217 0.72719445709354
199 0.5519385638098431 0.3320571084279579
199 0.02521181076399226 0.776347316938293
199 0.8249317475966883 0.44147163219851004
199 0.3867888028611399 0.96423739370581
199 0.9676019729899459 0.8252587545017203
199 0.4982237666135161 0.05317484140445006
199 0.4606091952935567 0.17016800461499437
199 0.025702372337944923 0.6842044064090325
199 0.7351932376291415 0.610100637688969
199 0.4017136597548798 0.12328694256350792
199 0.3450641747435994 0.24299282350423446
199 0.64364007476506 0.15906590499657214
199 0.9848390634622545 0.47189319659742324
199 0.9008727820904874 0.6137729072874838
199 0.3918075877615945 0.8101773282254967
199 0.9763613316585844 0.5323050550107072
199 0.7065003631843212 0.4214723543706217
199 0.9673796110463959 0.3723498173406573
199 0.6060147560150402 0.5287884973121537
199 0.20710439211658405 0.14755760268834917
199 0.40375242558551794 0.591133570864744
199 0.6114598607277348 0.03055448192248733
199 0.8951534759717622 0.7522906373723457
199 0.3467287406258124 0.13528963441930286
199 0.46078914321126485 0.5059413761235395
199 0.1364682123969807 0.3510495285168036
199 0.8867766371160688 0.03955266789999157
199 0.27743287298833996 0.6960234638281534
199 0.8224051523153443 0.060343647505561315
199 0.3195315689723325 0.684381286340037
199 0.8399045411299885 0.6863205219170405
199 0.42742818854262943 0.9272605533628672
199 0.649385852684735 0.9536048606944169
199 0.7437642221715048 0.7331081635107689
199 0.18820175889531388 0.5938830404519062
199 0.16540201935350973 0.183703849071974
199 0.7244588824635548 0.1276510080477422
199 0.5621547482191396 0.3818749875215822
199 0.892653039010053 0.747285427102821
199 0.4387081104197754 0.9662967466017057
199 0.14130790022484874 0.5665900383193637
199 0.7770120835283323 0.11004710865346667
199 0.20380797681309915 0.6246655405571379
199 0.5890517363323351 0.3134118157690946
199 0.10768187467015167 0.8288872915377575
199 0.8481750221415434 0.25137503094564184
199 0.6226106842927113 0.871602169652068
199 0.8277004595015484 0.6848875013659125
199 0.28775180307167936 0.33872269136103905
199 0.4896147956898875 0.7026513871237372
199 0.9199229967635094 0.6330451117486038
199 0.25840644084058606 0.28367923668256245
199 0.5992086012440438 0.3265741362709893
199 0.7686256811983396 0.1997709864010262
199 0.6801446815078035 0.030554195929321515
199 0.5758523905971612 0.09242918597373773
199 0.7850624653235777 0.3465626816937455
199 0.7688610846964375 0.7761381756074245
199 0.5362542991612674 0.5785325629802917
199 0.6038541520517428 0.3131472400968398
199 0.1956448527003728 0.4268704466107005
199 0.312166753652784 0.3608061547412612
199 0.4846621074400782 0.36130488529021854
199 0.9973301342999995 0.7028222889621961
199 0.5388559154448569 0.6924468465918971
199 0.18278235599047477 0.5801092582200269
199 0.2689223399891163 0.9809191855452173
199 0.7269661861415228 0.8495610763641634
199 0.7722147012110353 0.230559599151407
199 0.5362489873853464 0.32957347702237405
199 0.2342285499185407 0.8752478220443835
199 0.7241533986325641 0.28718654611241146
199 0.8678679660609032 0.9106845895129142
199 0.3946262382383996 0.4190295777399533
199 0.021423747674463423 0.678848248783605
199 0.7512724329067179 0.6034292273914265
199 0.5183605306532759 0.4356729478737018
199 0.17681711732317895 0.9121024049398581
199 0.8124512890562507 0.4746086673229539
199 0.00961637532223858 0.9077824936329997
199 0.6937741042112886 0.5277489257042763
199 0.7321734379418725 0.4670223978846293
199 0.49227944399235024 0.40718949292732
199 0.29902810512351086 0.2861704126914125
199 0.8188754709282021 0.48228868572945827
199 0.674427254344569 0.6878479295721587
199 0.03630212288448931 0.769134358916732
199 0.2699898448234228 0.49448902737508393
199 0.45394236408113864 0.27983345888387545
199 0.520600932306422 0.10255400121039715
0.022696466759910234 6
0.021857535034144615 79
0.02109843981249902 79
0.020324152915457614 79
0.01956584787156879 79
0.018913073508742096 79
0.01826064235948825 79
0.017651199671819048 79
0.01716308039625734 79
0.016663738612953033 79
0.01616998489310962 79
0.01570299761095267 79
0.015224959916312404 79
0.014794126731469811 79
0.014410798970504108 79
0.014055399279448636 79
0.013668046115689626 79
0.013291956145446716 79
0.012992611371118817 79
0.012714991044968914 79
0.012432723360987018 79
0.012184013400661295 79
0.012064789362071502 79
0.012038515221906451 79
0.012043202396444025 114
0.012024951895088506 173
0.012002832038436443 125
0.012001304768629008 2
0.012028564365186113 87
0.012052769880699978 105
0.012104700306450406 4
0.012140167567890717 136
0.012198025821317932 71
0.012284824520173078 57
0.012401462500102323 57
0.012601509271244803 57
0.012739789881774976 69
0.012895966295859462 69
0.013173348099287772 69
0.013608386913444655 69
0.014246852940095336 69
0.015151071164551999 69
0.016407276658147348 69
0.018106167681835813 69
0.020371223000478507 69
0.02332829077365977 69
0.027113265501688105 69
0.03191412138917081 69
0.03791223876831867 69
0.04530040984857482 69
