199 [0.62642905 0.16356405] [0.02224611 0.08633802]
199 [0.57268679 0.14003887] [0.77630805 0.72856647]
199 [0.60658371 0.5589034 ] [0.03121753 0.01313719]
199 [0.08035224 0.25101846] [0.64078566 0.13589153]
199 [0.04250877 0.28069202] [0.38272077 0.14212237]
199 [0.36862125 0.89217329] [0.49745896 0.35393463]
199 [0.56820158 0.27203422] [0.65836148 0.31322845]
199 [0.12000637 0.29583873] [0.93873646 0.88266698]
199 [0.69293957 0.54976384] [0.22749799 0.53706949]
199 [0.02449221 0.00185873] [0.67807846 0.10549902]
199 [0.99445254 0.13834728] [0.10241463 0.49847112]
199 [0.01832175 0.22389486] [0.44250625 0.41917457]
199 [0.14668323 0.46344041] [0.42067875 0.9685964 ]
199 [0.89318384 0.35426145] [0.70121915 0.56988028]
199 [0.36103666 0.70139083] [0.97010019 0.2794748 ]
199 [0.92790369 0.64182691] [0.02583263 0.03290731]
199 [0.42655426 0.06959065] [0.4672312  0.79750248]
199 [0.86756438 0.25636553] [0.85461279 0.06609424]
199 [0.06093289 0.96114514] [0.33518939 0.28487539]
199 [0.35725368 0.45914214] [0.54107251 0.33588222]
199 [0.13433657 0.69417452] [0.0266558  0.06895246]
199 [0.73127337 0.38419937] [0.38518395 0.7662865 ]
199 [0.82147398 0.60093959] [0.39550292 0.74012797]
199 [0.78179818 0.87070178] [0.31373962 0.98019576]
199 [0.52617426 0.05852212] [0.45644652 0.76748971]
199 [0.95501612 0.60253848] [0.9929637  0.53024814]
199 [0.79072793 0.55797984] [0.19253991 0.82409638]
199 [0.65180281 0.11862692] [0.41248631 0.40041864]
199 [0.90776382 0.27265463] [0.81466198 0.25870437]
199 [0.30790235 0.72551959] [0.76672379 0.81950779]
199 [0.18205989 0.02552965] [0.5580958  0.57861985]
199 [0.69822059 0.41816793] [0.75740011 0.77608486]
199 [0.14012796 0.41710752] [0.05035528 0.41651652]
199 [0.14345822 0.20260936] [0.90422905 0.9305324 ]
199 [0.73864142 0.02494855] [0.8980106 0.3994554]
199 [0.0726711  0.34094535] [0.59914008 0.57473813]
199 [0.50968331 0.74096306] [0.90316379 0.78033938]
199 [0.15783302 0.22981679] [0.42840427 0.65567639]
199 [0.14895478 0.21912517] [0.28671056 0.30785923]
199 [0.1813659  0.48226245] [0.26491256 0.31532666]
199 [0.35312262 0.73174734] [0.02995989 0.09650466]
199 [0.77226054 0.48173202] [0.99026695 0.73418337]
199 [0.35010092 0.67996418] [0.18325069 0.11137162]
199 [0.64661728 0.51943054] [0.892558   0.44623478]
199 [0.94209037 0.25430877] [0.13812997 0.25837442]
199 [0.45573433 0.5593952 ] [0.61609655 0.60833304]
199 [0.91795418 0.93748777] [0.9446264  0.92633439]
199 [0.84739189 0.32025467] [0.21135098 0.76573833]
199 [0.38344682 0.68958739] [0.77384591 0.5882131 ]
199 [0.9819054  0.66948265] [0.5328438  0.01639699]
199 [0.32463732 0.46448119] [0.88849196 0.20360842]
199 [0.88051496 0.46785772] [0.85930979 0.10931008]
199 [0.60627999 0.40806674] [0.02171525 0.07402108]
199 [0.83442856 0.75486436] [0.74758615 0.60453929]
199 [0.92811919 0.84456978] [0.98274822 0.02930764]
199 [0.54138082 0.56170682] [0.35070559 0.46286774]
199 [0.82004142 0.94726818] [0.56292791 0.82626445]
199 [0.20411388 0.44201504] [0.71399356 0.0718798 ]
199 [0.6027638 0.5037208] [0.11215062 0.17888686]
199 [0.80491554 0.4858064 ] [0.51338367 0.08410204]
199 [0.02837993 0.30046976] [0.78323628 0.05328031]
199 [0.46682897 0.90992667] [0.63846379 0.91337306]
199 [0.48285636 0.11429404] [0.35324576 0.17975522]
199 [0.27586712 0.97219663] [0.22671035 0.98855376]
199 [0.86704294 0.2207657 ] [0.31244013 0.09635965]
199 [0.89226029 0.18562499] [0.35489575 0.2117381 ]
199 [0.58690677 0.43033033] [0.64280971 0.70730327]
199 [0.97525663 0.93573958] [0.84051023 0.03708758]
199 [0.98155729 0.67672455] [0.89867554 0.4308354 ]
199 [0.60233473 0.52120547] [0.83357303 0.77427586]
199 [0.1063201  0.94440753] [0.75885685 0.05863501]
199 [0.66302387 0.02772537] [0.31570616 0.10932155]
199 [0.01899561 0.36619558] [0.6704165  0.69163492]
199 [0.12580329 0.67783317] [0.28297006 0.05487127]
199 [0.50417793 0.99791828] [0.41184853 0.73076667]
199 [0.17623499 0.61560524] [0.66239774 0.22512803]
199 [0.22079538 0.13920931] [0.44088283 0.36648245]
199 [0.03671734 0.09268993] [0.17835025 0.61827759]
199 [0.97182595 0.3629653 ] [0.15442898 0.00257371]
199 [0.51617862 0.96345236] [0.64345542 0.57774924]
199 [0.08687287 0.71505149] [0.29234595 0.87489603]
199 [0.61721363 0.75873643] [0.74411287 0.83850204]
199 [0.02492585 0.2997595 ] [0.11132962 0.86895236]
199 [0.7442241  0.62479828] [0.51913166 0.18474492]
199 [0.0795868  0.45489267] [0.21343232 0.90635608]
199 [0.36235234 0.99890832] [0.13167468 0.97797508]
199 [0.28772293 0.27949401] [0.87350157 0.18169773]
199 [0.6226116  0.18430576] [0.79672727 0.49838202]
199 [0.22029152 0.72428781] [0.59156806 0.08756911]
199 [0.59182227 0.60924058] [0.9293526 0.9609248]
199 [0.53859504 0.52982252] [0.44836508 0.95930374]
199 [0.25229498 0.46048678] [0.2387909  0.61004998]
199 [0.90600319 0.9857225 ] [0.67863703 0.68616187]
199 [0.78519703 0.29296276] [0.0965773  0.29164988]
199 [0.11618266 0.90105406] [0.66962491 0.74677788]
199 [0.3276025  0.07162799] [0.10316321 0.01896278]
199 [0.79357724 0.8191535 ] [0.24985053 0.34273871]
199 [0.58320216 0.62190183] [0.97591655 0.44577546]
199 [0.35060382 0.1089771 ] [0.21514183 0.75715184]
199 [0.79102636 0.91699004] [0.56327066 0.24488453]
199 [0.14335494 0.56434468] [0.8836349  0.81700062]
199 [0.78227773 0.62846785] [0.13294196 0.30885344]
199 [0.50493751 0.90888006] [0.1239781  0.97146862]
199 [0.313681  0.8518503] [0.76549026 0.0887364 ]
199 [0.10121539 0.93933573] [0.93052292 0.62665276]
199 [0.55659644 0.5298995 ] [0.090169   0.25710998]
199 [0.01444454 0.86314155] [0.39259832 0.60763735]
199 [0.50393496 0.42263835] [0.86473254 0.21048979]
199 [0.16829283 0.24827206] [0.43246076 0.6403251 ]
199 [0.36418216 0.04372742] [0.8806276  0.01669149]
199 [0.75844875 0.93920242] [0.86126756 0.27981202]
199 [0.84150524 0.91722681] [0.61200439 0.28085239]
199 [0.38120189 0.44241019] [0.06925869 0.87533558]
199 [0.24707716 0.90546956] [0.98286652 0.00272098]
199 [0.62766592 0.37500324] [0.68890105 0.37600413]
199 [0.79178801 0.96780782] [0.57156441 0.65220303]
199 [0.3222528 0.4043389] [0.20064699 0.97329139]
199 [0.30778277 0.75424705] [0.81808185 0.68820859]
199 [0.52912925 0.02228288] [0.07269033 0.98929063]
199 [0.87247791 0.34986616] [0.09037925 0.93174003]
199 [0.65098347 0.44316084] [0.87681757 0.91956667]
199 [0.99596685 0.22644703] [0.9528453  0.66542179]
199 [0.89523259 0.60422547] [0.23276002 0.5494823 ]
199 [0.96588683 0.62337776] [0.64070213 0.54248632]
199 [0.84851709 0.74574335] [0.60945056 0.42316861]
199 [0.1986833  0.38600481] [0.06371167 0.08900968]
199 [0.58543137 0.8955575 ] [0.38016293 0.40036934]
199 [0.27325711 0.25644241] [0.32133344 0.81146527]
199 [0.866652   0.01813944] [0.82313778 0.11746453]
199 [0.3956823  0.86357341] [0.00516476 0.14233785]
199 [0.78126529 0.29813887] [0.77704032 0.3994283 ]
199 [0.53173362 0.8303107 ] [0.44674693 0.60340004]
199 [0.18384867 0.15814013] [0.16502044 0.47309764]
199 [0.65309577 0.43883261] [0.59956312 0.90968483]
199 [0.572208   0.95268474] [0.64255661 0.6074915 ]
199 [0.74787654 0.30523122] [0.19145817 0.37112197]
199 [0.02382649 0.36547393] [0.21945578 0.28549019]
199 [0.96662898 0.18424691] [0.65901971 0.73438029]
199 [0.23405514 0.82699233] [0.53955914 0.56555471]
199 [0.63356211 0.69366934] [0.76632888 0.08915776]
199 [0.28457586 0.50434831] [0.96167437 0.38092002]
199 [0.77122905 0.85876742] [0.8737709  0.10496536]
199 [0.00856811 0.10112273] [0.50798642 0.39703951]
199 [0.03028003 0.90948343] [0.44658604 0.24297053]
199 [0.57524393 0.36024387] [0.46273971 0.3891456 ]
199 [0.72796927 0.48570998] [0.93178941 0.53222523]
199 [0.00351896 0.25280384] [0.0179396  0.33194868]
199 [0.75444709 0.57288681] [0.13386708 0.15929749]
199 [0.6382636  0.49924074] [0.18343132 0.13822513]
199 [0.74367425 0.52629694] [0.29669826 0.57183147]
199 [0.20917428 0.84420024] [0.96077684 0.45317532]
199 [0.61268166 0.77517884] [0.16628612 0.1962742 ]
199 [0.78487055 0.93649508] [0.42756207 0.16613844]
199 [0.9462437  0.50389333] [0.49990548 0.1086634 ]
199 [0.69181872 0.68972818] [0.10818116 0.07446375]
199 [0.70648891 0.95542561] [0.25268358 0.5758943 ]
199 [0.18316489 0.12076733] [0.84854078 0.19670118]
199 [0.10243038 0.25719111] [0.91273776 0.90647186]
199 [0.16207484 0.35197861] [0.92281833 0.13201999]
199 [0.29955099 0.19026108] [0.13066049 0.74803846]
199 [0.01759624 0.22697038] [0.14816661 0.07400414]
199 [0.81401183 0.31725904] [0.94203988 0.40433625]
199 [0.49507942 0.14259459] [0.16407504 0.80340821]
199 [0.91546254 0.28429182] [0.16992116 0.7122525 ]
199 [0.26662556 0.81379825] [0.93760365 0.68766123]
199 [0.49915955 0.87369502] [0.36760849 0.01149007]
199 [0.2000482  0.85019202] [0.22072777 0.96502716]
199 [0.30971724 0.98098153] [0.22190625 0.85501438]
199 [0.38932453 0.45078829] [0.84984926 0.57524697]
199 [0.27150167 0.70370961] [0.21707146 0.74570821]
199 [0.86181684 0.1878752 ] [0.52489963 0.42590095]
199 [0.44702719 0.15642957] [0.96686267 0.74626816]
199 [0.82131121 0.78492523] [0.57892003 0.63655749]
199 [0.35881956 0.79660463] [0.498704   0.73737669]
199 [0.05370028 0.5461872 ] [0.19732957 0.65520004]
199 [0.32971687 0.9757239 ] [0.70633297 0.62275343]
199 [0.87734438 0.73091933] [0.7049784  0.40365299]
199 [0.47294359 0.65244736] [0.07909833 0.41644821]
199 [0.31494794 0.93889281] [0.45294105 0.80939975]
199 [0.04173956 0.83267213] [0.39952358 0.70177245]
199 [0.35775517 0.60465511] [0.53288991 0.79906929]
199 [0.76003857 0.6634235 ] [0.87755107 0.0829086 ]
199 [0.59061734 0.67791824] [0.71098478 0.06401545]
199 [0.89083221 0.87151397] [0.62001168 0.56948607]
199 [0.32916414 0.63790463] [0.73433646 0.47210547]
199 [0.24825538 0.33636895] [0.86220359 0.50673724]
199 [0.95760226 0.0311687 ] [0.79498652 0.42528269]
199 [0.13964186 0.5434479 ] [0.05710062 0.90328124]
199 [0.7590464  0.28421117] [0.55474992 0.78628769]
199 [0.52294422 0.92089984] [0.69613765 0.73576253]
199 [0.33086967 0.07889571] [0.53465575 0.8106097 ]
199 [0.2071468  0.23595783] [0.56822286 0.64025035]
199 [0.73192462 0.12676758] [0.94086446 0.90048073]
199 [0.72595216 0.00205082] [0.09778891 0.23332535]
199 [0.83654524 0.32295696] [0.20107708 0.73765647]
199 [0.66578653 0.01361413] [0.6486615  0.36534204]
199 [0.78029835 0.48676732] [0.74038829 0.33993259]
199 [0.91198441 0.89661513] [0.45647673 0.08366714]
199 [0.96566372 0.2531389 ] [0.0812138  0.11208982]
199 [0.44572304 0.68774553] [0.97578862 0.08881107]
0.4447620343019501 118
0.10055563212020452 118
0.09462351853802652 118
0.09033170465240811 118
0.0869233761252537 118
0.08181068907808245 118
0.07787858109709639 118
0.0741458826056896 116
0.0707580919654112 116
0.06484779111020213 118
0.06048955861260519 118
0.05738529571625556 118
0.0545155645778051 116
0.05245848079689683 116
0.05049928882215861 63
0.048436074564042336 63
0.04654466275437768 63
0.0442375740258375 63
0.04213725606042854 23
0.0403055226035943 12
0.03853926481220578 116
0.03715923140611162 116
0.03612967077745339 12
0.035341831686443614 12
0.0348854719584479 89
0.034703118028074506 80
0.03461559394943346 164
0.03469918540956083 150
0.0347056446119391 18
0.03470296162479596 99
0.034725772478445736 129
0.034662751475496106 70
0.03466876057180824 113
0.03478697439619983 49
0.03493797046239089 2
0.035067867407442464 78
0.035292034917735034 78
0.0357456292944782 78
0.03593108455618023 109
0.036247112963300944 109
0.036762778762760955 109
0.0375020059825895 109
0.03847297348341974 109
0.039678138224495584 109
0.041129476364391376 109
0.04283197508762433 109
0.04479892476686267 109
0.047031802406410965 109
0.049541104587878894 109
0.0523318377190307 109
