199 0.5631681138696457 0.9007102463014866
199 0.9544770002025253 0.33893690954862143
199 0.9740190732317644 0.8036782748214426
199 0.5862810394689772 0.18584355174384737
199 0.060865367210775845 0.8967217699984276
199 0.4516122800196535 0.8448572032835174
199 0.41650963987897605 0.31391678715804017
199 0.8091560057416447 0.5897166336014154
199 0.5299193004089343 0.425895925145244
199 0.10662177651312643 0.876451149336402
199 0.9367996944480224 0.8843854669514686
199 0.7238717890765382 0.9578241950478877
199 0.09697804104429819 0.7094326382069247
199 0.2156555696516086 0.6833604349654517
199 0.533172221258803 0.788455528373042
199 0.9165147295029722 0.925384436397411
199 0.6051708066368581 0.7591867699551017
199 0.5826502392335805 0.798251092974595
199 0.8032890595217294 0.00047280881967326494
199 0.7933359557173366 0.6270055371923777
199 0.973528040665961 0.4832415628502298
199 0.1346722408862685 0.5743183679465758
199 0.23671942816631464 0.4202439936726382
199 0.463920532594692 0.4047001976972311
199 0.4744281915422408 0.9699737049211851
199 0.11092102439703244 0.12413154964341244
199 0.10638340285120274 0.12906272514173156
199 0.1833016033831737 0.8401581076050215
199 0.5216177880365823 0.47181365058376756
199 0.6435926781526478 0.7598269064532546
199 0.3173948119644908 0.9811904472534944
199 0.07610342904630307 0.007309411238957453
199 0.9867457640667292 0.36923726263633216
199 0.7540950525661162 0.08669931245371576
199 0.9921337447641463 0.4020615614912868
199 0.34609425983055997 0.049632510159763554
199 0.5690217582154898 0.37035130274845185
199 0.2719423286033765 0.5845021748338786
199 0.6311016310326073 0.7615315525372617
199 0.846495412372272 0.22726666627394776
199 0.9889847159652149 0.4033974592840027
199 0.7005455022251857 0.5798107167343934
199 0.924879921079775 0.4978376493412221
199 0.6313012801164684 0.7396305362899702
199 0.4004902779234444 0.7032310545804806
199 0.8958513078285365 0.45327606414699306
199 0.8668436718514859 0.32941665306794166
199 0.40453719753196504 0.34994127071452974
199 0.6789293519775612 0.9225477397400969
199 0.9499807579257807 0.7889838290000087
199 0.7221064440437186 0.3659647506143756
199 0.2871501828175589 0.6334450636678384
199 0.6352912469004846 0.28577890705280384
199 0.014601724656640447 0.8507151736984703
199 0.6885006860239689 0.7304331338559485
199 0.7186567672127653 0.4865361217863895
199 0.5251007044735444 0.9439272380802127
199 0.350781643528123 0.7223862958680256
199 0.17634095224310908 0.4740619425185929
199 0.5500562651077664 0.7630421265966257
199 0.0005753984296612558 0.056465014732435814
199 0.03591592882490113 0.06369704709740664
199 0.6248969446562133 0.9880665872119456
199 0.32700805131073885 0.3415650996463354
199 0.4060999411788948 0.8613189966484432
199 0.8797543512736885 0.04617888358611266
199 0.25398492259054506 0.6962838921087355
199 0.3452375757874434 0.02431306800416755
199 0.21469130387998736 0.6911360257969025
199 0.9312919938785444 0.7097102120780646
199 0.4086437257851324 0.2579130417325758
199 0.603024229829831 0.671010464944312
199 0.07775045166225591 0.23426225406397228
199 0.210339252880145 0.3437802563484721
199 0.4214069048259552 0.7739559115167992
199 0.8312413030654835 0.2988569143699408
199 0.5530430057017751 0.42252759642111926
199 0.8707762836715365 0.8607597980272181
199 0.7538447407475946 0.16437542927009408
199 0.16645072947088313 0.7962529727871209
199 0.3907705365505507 0.37468249374763596
199 0.7995445720715361 0.3272438879573252
199 0.03823238177066701 0.8643454533974516
199 0.8388242889416107 0.8018565149028
199 0.29738628070566564 0.1293602239864956
199 0.2137484570651611 0.9381763092244405
199 0.511232673782654 0.9801113107229971
199 0.30827507124890685 0.42268507893643015
199 0.9149128124560054 0.6917152012897796
199 0.5129445412202045 0.7510774956838839
199 0.5537366758477009 0.7875343934540108
199 0.9987171361981931 0.44215285130933446
199 0.3313954967441223 0.4840738177379945
199 0.1493353570281124 0.19084276698047087
199 0.08597851443453242 0.09980695496484016
199 0.7895641878543294 0.03175162563155165
199 0.3146510790130982 0.3421525355025937
199 0.7619279649490944 0.7366473606363018
199 0.6036112948865063 0.07438091537249858
199 0.4195173875335271 0.9670617570776238
199 0.7568213603012176 0.780620002425267
199 0.7647822285290744 0.05299442913012786
199 0.862942978830336 0.24050033470077337
199 0.8488126736345821 0.9198917151464365
199 0.7840880156221465 0.9296657883929685
199 0.728222406066173 0.558060290472917
199 0.9221579800998593 0.4840463255969213
199 0.6984459175099517 0.2882310553200481
199 0.4533578395311073 0.3772303715213575
199 0.02101270552777179 0.9224018158246066
199 0.16764183802366317 0.29480960227630826
199 0.8504362835389018 0.08455469929941595
199 0.8184198523970643 0.23628812357371276
199 0.04149238423533974 0.6683987122396418
199 0.42699888642601136 0.6918883441686564
199 0.4632203939599081 0.8437348693482081
199 0.3897114742248029 0.1787593381643381
199 0.7381166838372728 0.6687221022460077
199 0.7269005880618906 0.40036503849413163
199 0.8244755815857785 0.3049650362432449
199 0.2576656106590519 0.9182709825174404
199 0.7645024323946981 0.15849538509022942
199 0.39957641537173605 0.5110044537694952
199 0.4210698600676076 0.6667129168850968
199 0.58052891105935 0.008868994009807452
199 0.9247264406840809 0.3941031587568361
199 0.10479954833974858 0.18440165783914608
199 0.9982386697858285 0.6800662556731043
199 0.6961105617793749 0.9804230148824089
199 0.45734748330069297 0.07153423187372077
199 0.4790385506714222 0.013121574114849266
199 0.6680080163956664 0.7047377184584342
199 0.7768636057340523 0.26577867304547764
199 0.2740819682605006 0.134839277122627
199 0.6365874546184824 0.13536957833365315
199 0.8085642127516177 0.2504671660563178
199 0.9681806652396004 0.3247625408720367
199 0.4732648935479744 0.5793699056070212
199 0.6331135222573498 0.5145611904755578
199 0.7246353620686371 0.06395044578323528
199 0.163095952478725 0.1446559849778415
199 0.8396136434211623 0.17636496707098726
199 0.47240865589649395 0.21624842325115023
199 0.279065540968659 0.5651891823631559
199 0.9733603893363443 0.20056754481703976
199 0.48165109319231814 0.03802828338715214
199 0.17209844949347075 0.7541922483954163
199 0.14549879868466775 0.6089141298821386
199 0.6928126431554473 0.8353375324685081
199 0.3807786595923641 0.248380563258212
199 0.30682608228707997 0.734701176911559
199 0.3263590874895279 0.5559281137417472
199 0.8907507543156723 0.289687272007357
199 0.40692073912928306 0.4346770974366987
199 0.8408435729443824 0.6761367478925847
199 0.0756296041770671 0.21579987471582585
199 0.3517736723683309 0.3404859221269402
199 0.5979191437662712 0.14866041607282066
199 0.4233156955714671 0.9601536141498856
199 0.3955273173264422 0.36774338703360987
199 0.756672887937772 0.13543448702781413
199 0.8811908800378662 0.9080736581117892
199 0.69521697360811 0.660687167656288
199 0.9172306375220101 0.390056900679689
199 0.5788137775923 0.02469717990212239
199 0.6497291193784857 0.3444212467250706
199 0.7804945495874805 0.34043286186956345
199 0.6774404354078493 0.033297760668836385
199 0.10202464569064373 0.06312773548860873
199 0.10143229752168115 0.6098847520243353
199 0.595350214987994 0.8942358902543093
199 0.053480565886705356 0.3667264132921243
199 0.9928339808301514 0.7380815116143873
199 0.49389453339004274 0.27466968953848225
199 0.5307110882014464 0.015168351276523162
199 0.8190849799334173 0.5449162005564052
199 0.672652480330925 0.07483619897155047
199 0.6537719118012117 0.9568942108790854
199 0.040085652544732175 0.7602586151380752
199 0.1870020740463325 0.012845715353474674
199 0.3262992319294735 0.5410807280933297
199 0.33289076867245837 0.07969364108313381
199 0.9361249205292638 0.8248147801583495
199 0.9573218937188174 0.7176075979351002
199 0.5223636692506824 0.1304373244150392
199 0.19981098161519306 0.7839028684773784
199 0.4213967521853411 0.5142083051659979
199 0.2593778160530883 0.7107821706874392
199 0.6584276254093788 0.14068953887919133
199 0.011221449918703552 0.6999754677043148
199 0.4025625045786452 0.6108889354818922
199 0.7588071979514736 0.9305901249327586
199 0.07641983515216277 0.8620989536521678
199 0.35062022115329783 0.16768031180289977
199 0.09158786666805119 0.044307572161365605
199 0.27410458213103583 0.5948951178612709
199 0.018692357546663985 0.7356445264435191
199 0.8130041173868803 0.037629302401483655
199 0.22463827532482783 0.7024752351906973
199 0.41759323766607825 0.5201467964362466
0.00944813552519768 62
0.00917199170013521 62
0.00888969676789282 62
0.008628692138465437 62
0.008387124626563398 62
0.008168580199691576 62
0.007951425633080616 128
0.007771041068029355 128
0.007608924456255461 128
0.00744643658513323 128
0.007289811920909669 128
0.007167058302950117 128
0.007066728505402938 128
0.006979809698981639 128
0.006897350203928794 128
0.006831425325679253 128
0.0067809069257531865 62
0.0067515437447114805 148
0.00673534226378337 117
0.006717436071609492 105
0.006696688177069805 118
0.006684214735616745 81
0.0066869717979860235 141
0.006693599848166662 111
0.006698419487698553 65
0.006701328145542246 18
0.006723447952265229 124
0.0067479893570738725 124
0.006788439994101615 130
0.006829479411567186 179
0.006851198257633082 179
0.006872679132755779 31
0.006891778135474169 31
0.006937656951412842 31
0.007012857590620427 31
0.007118863616165277 31
0.007257895427023736 31
0.007432667808335533 31
0.007645666529080476 31
0.007899044762221433 31
0.00819510381893203 31
0.00853712638038593 31
0.008929212389251422 31
0.009374315141960266 31
0.009876193691875399 31
0.010438274128386833 31
0.01106637915130874 31
0.011762554316273235 31
0.012531693832945938 31
0.013376552941888529 31
