0 [0.01604157 0.42064691] [0.79293364 0.27416916]
 [0.51926613 0.70689419] [0.23826161 0.22912172]
 [0.54510225 0.46834085] [0.67971813 0.4721671 ]
 [0.99052507 0.9644341 ] [0.7735359  0.31493063]
 [0.05542006 0.13507516] [0.33521338 0.49815893]
 [0.9865918  0.47494726] [0.38808631 0.14164297]
 [0.02334265 0.75274415] [0.31983338 0.83685025]
 [0.84476758 0.26389456] [0.92582744 0.76233045]
 [0.589374   0.84778962] [0.67120188 0.18575983]
10 [0.1613738  0.08104042] [0.65888228 0.68668842]
 [0.82352828 0.84358662] [0.42435255 0.03547823]
 [0.46933877 0.71835336] [0.86838644 0.89918841]
 [0.72520827 0.72648827] [0.84004761 0.85000096]
 [0.4500122  0.66840867] [0.05331672 0.0057616 ]
 [0.42632334 0.20226083] [0.31855108 0.54734518]
 [0.16773569 0.10260948] [0.64971737 0.04585172]
 [0.53471658 0.71954582] [0.12634751 0.32549409]
 [0.91533925 0.85758947] [0.179036   0.93086086]
 [0.87317274 0.55005032] [0.98325083 0.18811476]
20 [0.7546502 0.7126554] [0.76166581 0.04762855]
 [0.93703707 0.64744502] [0.36522059 0.28669363]
 [0.82360552 0.50649594] [0.53272771 0.46992647]
 [0.4859909  0.29282312] [0.08195496 0.95622734]
 [0.23513247 0.98755467] [0.44746555 0.40498746]
 [0.60202111 0.59730058] [0.13881675 0.72782839]
 [0.7899593  0.84463801] [0.95803844 0.81202584]
 [0.79834801 0.60751371] [0.20852279 0.5020454 ]
 [0.45717907 0.82544584] [0.19719929 0.95348523]
 [0.51270164 0.08276612] [0.02241505 0.77864951]
30 [0.88806497 0.35218935] [0.1997054  0.33674427]
 [0.98160493 0.04341085] [0.22580024 0.04122755]
 [0.35199436 0.23639116] [0.91539899 0.75745812]
 [0.01156855 0.5229361 ] [0.54055943 0.45462205]
 [0.98999154 0.53069575] [0.27204646 0.84766767]
 [0.24811026 0.65965241] [0.79911382 0.97369451]
 [0.10568755 0.15576111] [0.39171079 0.50569084]
 [0.81034412 0.04767095] [0.17644215 0.23243897]
 [0.18978016 0.09031975] [0.09718621 0.21120405]
 [0.66096756 0.23246177] [0.38215443 0.25162175]
40 [0.98194682 0.14230353] [0.14591849 0.40724339]
 [0.64463742 0.99670585] [0.45978837 0.77578835]
 [0.32336426 0.57476356] [0.79471921 0.18930867]
 [0.43766753 0.8702864 ] [0.13868535 0.75965959]
 [0.15983186 0.11043481] [0.8718432  0.89278845]
 [0.1416697  0.45066376] [0.24421349 0.09517975]
 [0.76574471 0.78418577] [0.93589332 0.1321402 ]
 [0.2455615  0.37965988] [0.91710574 0.67810195]
 [0.21375673 0.32854861] [0.06038664 0.80168938]
 [0.95274416 0.7153055 ] [0.94050572 0.40802161]
50 [0.20954951 0.64848377] [0.72988496 0.87918766]
 [0.34281275 0.66775904] [0.11799932 0.34286404]
 [0.59456904 0.75736373] [0.28082799 0.81863856]
 [0.43321965 0.08677057] [0.54609282 0.15116572]
 [0.81725719 0.51111632] [0.92898567 0.73161666]
 [0.42148695 0.9494389 ] [0.68863243 0.54666205]
 [0.7200649  0.06590545] [0.48133315 0.81306329]
 [0.99472066 0.03686011] [0.8295696  0.69524001]
 [0.69991091 0.34807836] [0.68503097 0.43191966]
 [0.61916161 0.35812036] [0.39101116 0.19870751]
60 [0.46695661 0.15712499] [0.06407145 0.5598575 ]
 [0.82222557 0.78360656] [0.51446201 0.76707749]
 [0.4108428  0.72921027] [0.41827277 0.98929567]
 [0.34986016 0.37955207] [0.29093952 0.94891246]
 [0.13845724 0.29733006] [0.61101279 0.05030925]
 [0.53379729 0.55672353] [0.14096403 0.71564724]
 [0.69232473 0.47089218] [0.8192003  0.51765445]
 [0.40936774 0.03947634] [0.00959364 0.32100331]
 [0.61082757 0.84772439] [0.99517724 0.54658258]
 [0.21860104 0.15999578] [0.98862803 0.98912633]
70 [0.34389175 0.47312863] [0.49075954 0.13193031]
 [0.03883319 0.45261108] [0.3161131  0.52203005]
 [0.67077731 0.85055462] [0.77034824 0.78021168]
 [0.25295169 0.98557375] [0.92903402 0.48421475]
 [0.89322784 0.15474337] [0.98137916 0.47199862]
 [0.78583058 0.57466821] [0.59870571 0.60568729]
 [0.91973717 0.71242317] [0.53009636 0.55637588]
 [0.29911061 0.79854871] [0.68254009 0.53506625]
 [0.6495767  0.29286241] [0.40950819 0.34989462]
 [0.95640414 0.25711481] [0.76814054 0.51113268]
80 [0.75749927 0.67839099] [0.51885663 0.90621772]
 [0.85782391 0.38407837] [0.25583617 0.00214611]
 [0.44542929 0.86378579] [0.76672809 0.05411338]
 [0.90661749 0.4332831 ] [0.03655712 0.49156805]
 [0.54189732 0.17444662] [0.57911385 0.45687746]
 [0.31489734 0.36052121] [0.12475512 0.85741028]
 [0.98997088 0.16033617] [0.70943949 0.87024279]
 [0.21252935 0.59227178] [0.56017758 0.03939574]
 [0.48633866 0.11398597] [0.39673731 0.01069252]
 [0.81381034 0.56971181] [0.52760318 0.43736697]
90 [0.30554424 0.63643966] [0.23172193 0.37598673]
 [0.85305077 0.32869941] [0.34345231 0.52257571]
 [0.01375374 0.6015516 ] [0.83263389 0.9186205 ]
 [0.18344804 0.20763383] [0.84806727 0.76427644]
 [0.8897006  0.53670888] [0.01142464 0.81040992]
 [0.06621895 0.73012635] [0.87850991 0.76337441]
 [0.09399828 0.37376971] [0.29601771 0.42695885]
 [0.76872509 0.20072382] [0.91871416 0.72456876]
 [0.45951671 0.14427024] [0.01535848 0.68185202]
 [0.27615985 0.65104623] [0.42915358 0.65915434]
100 [0.99233993 0.18464223] [0.10863818 0.46650982]
 [0.13758152 0.87403814] [0.03250377 0.06660227]
 [0.84285657 0.75520222] [0.43515787 0.9055202 ]
 [0.62824411 0.57012743] [0.24761621 0.7669053 ]
 [0.63376317 0.48157593] [0.64065504 0.06387623]
 [0.55373574 0.13778863] [0.58389551 0.79797202]
 [0.39749893 0.41872832] [0.02316785 0.94905518]
 [0.28674251 0.05495985] [0.15565506 0.91929452]
 [0.92144887 0.51418024] [0.81577072 0.335573  ]
 [0.31113609 0.26573565] [0.96484863 0.45255501]
110 [0.07389506 0.01458158] [0.81153694 0.50499054]
 [0.27565557 0.82552146] [0.56180829 0.90976281]
 [0.92276057 0.05938588] [0.35178376 0.31875184]
 [0.18541416 0.72667398] [0.45960723 0.73351039]
 [0.46286794 0.3771038 ] [0.26602398 0.47198751]
 [0.14837185 0.30316991] [0.79170868 0.15230282]
 [0.21525601 0.57425563] [0.03968559 0.33768674]
 [0.02073037 0.01864291] [0.81318661 0.29751366]
 [0.43314996 0.89385673] [0.5739059  0.06084972]
 [0.67605093 0.27347455] [0.51395928 0.68048527]
120 [0.1056237  0.73710256] [0.3701003  0.71703951]
 [0.13299487 0.3229195 ] [0.21906676 0.34866143]
 [0.96533668 0.12939634] [0.8134978  0.19765991]
 [0.793562   0.94187888] [0.97174572 0.29689552]
 [0.35510458 0.57489432] [0.20685749 0.46827532]
 [0.46214069 0.94129932] [0.68026665 0.10751359]
 [0.30082452 0.06182044] [0.91828723 0.37086664]
 [0.49419695 0.50431377] [0.97334037 0.69591022]
 [0.85369235 0.2937137 ] [0.6051226  0.01645401]
 [0.85065863 0.00598391] [0.88791008 0.85624517]
130 [0.12225195 0.98570975] [0.26984625 0.91668645]
 [0.88856551 0.41702364] [0.05320661 0.31960637]
 [0.17391911 0.25718156] [0.57044029 0.07365402]
 [0.6254446  0.88352002] [0.69544933 0.17695963]
 [0.70074779 0.96129325] [0.58742307 0.01982701]
 [0.63985517 0.71442855] [0.80915697 0.80977447]
 [0.0034716  0.08219949] [0.09530869 0.45011556]
 [0.04847654 0.21243015] [0.75406729 0.7604049 ]
 [0.36936946 0.13242758] [0.46627131 0.98029999]
 [0.04939684 0.06326105] [0.50141293 0.69997855]
140 [0.98440747 0.64655929] [0.87590237 0.43576644]
 [0.35215964 0.26291154] [0.18915569 0.46032896]
 [0.10437036 0.00083697] [0.47383338 0.33553312]
 [0.6724695  0.98589388] [0.49398541 0.27415928]
 [0.79422059 0.81772623] [0.17907101 0.85531829]
 [0.27242659 0.68689733] [0.59981531 0.96921582]
 [0.35912576 0.42945357] [0.59159241 0.73713084]
 [0.7498934  0.29441332] [0.9054944  0.81934268]
 [0.88741385 0.10386548] [0.90668219 0.27958503]
 [0.06507876 0.61163147] [0.98818786 0.7864822 ]
150 [0.4106876  0.60251773] [0.65379043 0.59156291]
 [0.46752285 0.16775419] [0.67278633 0.71774009]
 [0.38457503 0.1325917 ] [0.24958389 0.60802336]
 [0.1281879  0.76675318] [0.33094147 0.13283763]
 [0.2753012  0.99197611] [0.31974315 0.08708325]
 [0.78881479 0.86252755] [0.35426322 0.15005612]
 [0.64789536 0.77517561] [0.68608709 0.87671581]
 [0.28034778 0.85205294] [0.87664784 0.73656224]
 [0.09942331 0.08474512] [0.48199794 0.02398618]
 [0.99948094 0.37601949] [0.60084187 0.91194707]
160 [0.72488836 0.26992606] [0.92629504 0.39489229]
 [0.01037305 0.74461436] [0.85182301 0.28504316]
 [0.77387151 0.38873914] [0.50245828 0.0935031 ]
 [0.21587741 0.77168456] [0.11046264 0.61395192]
 [0.55077074 0.73322519] [0.87154622 0.51493926]
 [0.1559538  0.18582934] [0.91421584 0.42710861]
 [0.18586774 0.13458782] [0.19942269 0.77785926]
 [0.47518956 0.66791004] [0.63499201 0.58015553]
 [0.67131908 0.66629829] [0.70424914 0.31071323]
 [0.4234946  0.15824607] [0.59920766 0.54661613]
170 [0.36220203 0.94828628] [0.86383358 0.25502301]
 [0.76903881 0.79449375] [0.49153567 0.9375525 ]
 [0.58218899 0.05102837] [0.94136553 0.00961475]
 [0.22430933 0.93911952] [0.02373136 0.67299658]
 [0.23563583 0.83638959] [0.95567829 0.95015351]
 [0.7679796  0.83230174] [0.12773252 0.62654526]
 [0.29219573 0.83921398] [0.32194406 0.72987361]
 [0.69954617 0.00218195] [0.43260072 0.44878466]
 [0.56658698 0.6266602 ] [0.67225331 0.12580905]
 [0.16387345 0.75656819] [0.18954866 0.23727627]
 [0.01732318 0.2809288 ] [0.22246277 0.58771297]
180 [0.68642617 0.79970922] [0.58326954 0.40061153]
 [0.63033972 0.46096935] [0.33385069 0.35374296]
 [0.73861761 0.04855526] [0.33258217 0.23719052]
 [0.40329145 0.53318335] [0.66428506 0.99227993]
 [0.05405535 0.16381476] [0.15521133 0.87444083]
 [0.94943694 0.63844563] [0.79046394 0.59413997]
 [0.70970296 0.72362656] [0.66864116 0.79503797]
 [0.65186509 0.59319614] [0.24714015 0.14599523]
 [0.66323534 0.68006827] [0.65849091 0.89994762]
 [0.62719669 0.33903101] [0.32557093 0.60368162]
190 [0.99879677 0.86571495] [0.51188402 0.12186402]
 [0.93417688 0.40346271] [0.3308282  0.06507471]
 [0.72104493 0.86373595] [0.04925574 0.87008813]
 [0.16927799 0.2521243 ] [0.53441107 0.61371761]
 [0.090682   0.95916546] [0.65339536 0.49706618]
 [0.80565286 0.75788753] [0.86990538 0.10673108]
 [0.65687458 0.61261902] [0.99181495 0.35267486]
 [0.60201092 0.80168945] [0.94057515 0.76659962]
 [0.2572454  0.47442051] [0.82777503 0.46300826]
 [0.3153025  0.82872756] [0.72609343 0.08488733]
1.3753283395987768 13
1.3925780603766351 183
0.0841744463526698 137
0.07643141223824515 68
0.07295256435449259 68
0.06903399734390175 68
0.06569377659942029 68
0.06417825178727972 68
0.06301600152033096 68
0.061009134885803576 68
0.059073374748313826 68
0.05694112522780123 183
0.055276675832719564 183
0.054113104204763215 183
0.05242469095963118 183
0.048038535422254836 68
0.04558548227158035 68
0.043486762446999144 68
0.04183256330392225 68
0.04025702279217173 68
0.03861815282289644 68
0.03742402732594318 68
0.03628522075436681 68
0.034950329930211126 68
0.0340099487572473 68
0.03319763276151141 68
0.0324505700374207 68
0.032026544528255964 137
0.03168894978851233 137
0.031395977046217764 85
0.031256501407512315 150
0.03123665622095949 90
0.0312591983178214 159
0.031216069574498576 0
0.031181999760629322 58
0.031220763496270943 44
0.031246573840400114 191
0.03128361374940312 63
0.031260933315238715 80
0.03137206814978001 80
0.03144944851121395 87
0.03152453564569426 87
0.0316038543300274 171
0.03182622429376712 171
0.03221971638380385 171
0.032783678778319725 171
0.033533163069434706 171
0.0344849545126415 171
0.03565825875926314 171
0.03706452621011488 171
