199 0.6020898136605115 0.6890253471794295
199 0.687540801029484 0.00822762279358813
199 0.9579046865812755 0.3291388384026568
199 0.4389666663043129 0.4415040523168088
199 0.5165058894537798 0.6692745183474039
199 0.7958651206072627 0.9749485670403905
199 0.12245571073665007 0.5965629570756601
199 0.1415564468444407 0.12485993153076236
199 0.5805685015656441 0.8933661894796966
199 0.31094299792461055 0.2044275003132464
199 0.3961011834470194 0.55199844186456
199 0.12262851787286388 0.11682980998843107
199 0.1023610220631519 0.8708203618712795
199 0.04415399063966752 0.21019645815716748
199 0.06814328778897127 0.6132013685132635
199 0.9462522789853504 0.23547734364456818
199 0.3179724852923993 0.2620355886313941
199 0.33680755005772844 0.5292531691137168
199 0.7215726623847185 0.6116665257801354
199 0.14499244821834156 0.5456197482265184
199 0.6822262142579211 0.21717225443647636
199 0.16369133366430522 0.6506223260742606
199 0.07089802601054096 0.23472439733383132
199 0.9191144864334095 0.9427778254247123
199 0.1999714098616321 0.783346370945353
199 0.6546687568408344 0.46009037471002967
199 0.5016771984170203 0.14084226705363467
199 0.09951168255544685 0.6165644455275398
199 0.7065371090604085 0.09232565172187424
199 0.12444443189056109 0.37881785091852826
199 0.07193841706565451 0.3776640303331392
199 0.5622893640448877 0.8811091790985318
199 0.47190068972296373 0.3305552454840397
199 0.20997954643582595 0.7693028823548999
199 0.0598947948363745 0.426082717282653
199 0.07883897880294255 0.3157677180756332
199 0.30531537937889663 0.3127749825526812
199 0.549329582471255 0.24319358376517708
199 0.19044950723007126 0.26686592489337324
199 0.3261936576718637 0.5238692214213057
199 0.6926638051897264 0.9494964144537326
199 0.6316552782547276 0.740980657761639
199 0.07808844360704803 0.9234051439722827
199 0.8632399062822895 0.5874194034341559
199 0.36809821811963483 0.6668321866444283
199 0.4545395440246496 0.09150734275619021
199 0.2761053158589919 0.08529892575154241
199 0.48148257735994016 0.07714303010687495
199 0.8765704304433698 0.8482731692755344
199 0.26907639130708716 0.01824932298567894
199 0.5795748526331111 0.6310478817050176
199 0.29655228395411704 0.6114809423419869
199 0.5184354508163124 0.6060869974748397
199 0.24390686282862595 0.7396079402024107
199 0.4525578216323862 0.2595969716541131
199 0.26140684679694437 0.3227457416403948
199 0.4984200384297496 0.006159728534799069
199 0.05781448282071855 0.7754975615524008
199 0.5454787979829229 0.08585615872616759
199 0.8235487093674352 0.4324093860380036
199 0.6260236559338799 0.2631374680752966
199 0.9158971241071631 0.43007986890197436
199 0.9124633855008294 0.20835712085331382
199 0.6143418682857341 0.7203529820400105
199 0.18745813508515752 0.5112256919731626
199 0.8181031122012591 0.6030258044635832
199 0.4244778219466052 0.9952625443094545
199 0.18170066771057436 0.9701015173321014
199 0.27104344373661526 0.4209577818909921
199 0.7077044377688175 0.6099044397397537
199 0.5473499004183477 0.3208622448257783
199 0.9313118452417858 0.7173562244602644
199 0.6890417891816508 0.10149183685506813
199 0.19013144415577155 0.5740150516133161
199 0.5024741462217733 0.5750688812980558
199 0.8238757372837022 0.41641465206177264
199 0.43928024892983064 0.12092265350920772
199 0.7029307965239076 0.27280651762595576
199 0.05534934334438568 0.2962406588511751
199 0.60351730548526 0.944102862370626
199 0.9450769842312542 0.17200745735492518
199 0.5529658475983149 0.7897642285109715
199 0.41568384161651695 0.6486580310309835
199 0.016101402450136915 0.021536924486947773
199 0.07719390361693679 0.6312219271884608
199 0.6522751023632802 0.4403290941569874
199 0.2213757670666242 0.31771770301874336
199 0.9029773115770618 0.10289073418605887
199 0.9748524994351825 0.3920270112024339
199 0.2345461505434142 0.8708178831796528
199 0.6986890382943296 0.186044035345292
199 0.403560829059066 0.31638435390803543
199 0.18164801055810653 0.7857213759025871
199 0.7385645896414825 0.7503598164755612
199 0.5185451903271313 0.05127839392059552
199 0.8373775458963525 0.4258416616780797
199 0.15101138334806652 0.4328022754196522
199 0.7269905468535514 0.9312182925883395
199 0.5699418628347983 0.3950272348462147
199 0.3607268732403913 0.264925966453298
199 0.06741180776199407 0.9170551494237369
199 0.524758711135838 0.7762716031890788
199 0.014937831031171633 0.08987069045317975
199 0.7647634117584975 0.7154454050010425
199 0.7130975886983789 0.8692007868005619
199 0.39477937647387595 0.10648274528797319
199 0.13468875699340133 0.07043922761955657
199 0.06144585096888722 0.5316947794713028
199 0.4547206888541888 0.0007744458456245829
199 0.6451004538883083 0.890416484252065
199 0.3257917820602617 0.07992240732329492
199 0.2396419347823905 0.33855538236044713
199 0.18150735372973625 0.5331243963457954
199 0.004714472629593569 0.682323612173278
199 0.5565884722727563 0.30051999502038174
199 0.1883854594815335 0.7738085512263724
199 0.8955145980715462 0.6897217984921049
199 0.6767493016569249 0.16927868260870205
199 0.32392058155757564 0.15831159125636507
199 0.3399434547034277 0.9115024723808872
199 0.747054798840285 0.30642992202781216
199 0.8680995940444506 0.8142497042844254
199 0.7167959924766487 0.3715673834597819
199 0.29636053495428016 0.14730075230045758
199 0.05400137190346033 0.6102342132440277
199 0.23370913180707764 0.7992180894718759
199 0.25247840131160504 0.6419389668546989
199 0.8850136587087514 0.1413881263289355
199 0.4737039249825946 0.30598367347087985
199 0.9197015241432971 0.7184007102051643
199 0.2976444932717278 0.13448346912719888
199 0.08714219806022583 0.9067454782595239
199 0.8862770200429867 0.08221118570645802
199 0.6960158684495128 0.7815640721159743
199 0.8065557729309676 0.22697081268432062
199 0.8917618084080811 0.7707817239758187
199 0.2207605712529731 0.43413828010177
199 0.7752191579110483 0.34199614614249985
199 0.6688421639284919 0.4429853010478476
199 0.9105990042978785 0.7582328025929095
199 0.23224353137086717 0.4808230593443429
199 0.8406813423373314 0.2111189399081097
199 0.9747814016129627 0.5625149032926723
199 0.6360507990099054 0.09131559704002445
199 0.6363147073510138 0.08995016626242347
199 0.9408830670490185 0.43095811543747675
199 0.042521685404519505 0.12276068411594732
199 0.9228751080547046 0.27348581585080367
199 0.8784388509764426 0.33737900401500753
199 0.3828662462547018 0.7760597591195807
199 0.8339695314765806 0.5143006016537929
199 0.5042072860130744 0.5615702625653642
199 0.5389936907734355 0.7852459728724739
199 0.4739073805753471 0.7482411678831609
199 0.549463918437256 0.8958368293991111
199 0.5204535642709277 0.17619359072580387
199 0.5772190708481195 0.7711795279841858
199 0.787644424432468 0.24911068705605166
199 0.48237218214710387 0.07993949956564261
199 0.7582991691002894 0.6019545065219107
199 0.9171175173261387 0.8736725836937573
199 0.6466569471492527 0.31674956598614545
199 0.2959207256923524 0.24975332773197612
199 0.10220602437610249 0.3150532542531601
199 0.1586114528868341 0.28681405404082316
199 0.2788645983637108 0.8550435243781708
199 0.7594631008316328 0.961354580432422
199 0.4333451667556455 0.18159821383224362
199 0.6103256756882128 0.8720238093252562
199 0.38956270629040135 0.24173083964116582
199 0.5128097920697522 0.19151458184554415
199 0.3718909724432833 0.04786967925474095
199 0.9109109500546626 0.1345327932565359
199 0.4455154561000386 0.28196458569719174
199 0.9261822303452373 0.036973886673243195
199 0.36914809794836945 0.34408008714945304
199 0.29646364068226305 0.031170749260599373
199 0.4764214770800981 0.04387527533394653
199 0.040269110612250913 0.10112494194612665
199 0.9537870209332351 0.42713511786296776
199 0.15783929462152835 0.7125818830721985
199 0.178339201716482 0.431653984420597
199 0.849797967263529 0.3651829562903006
199 0.8028597536134561 0.950440968914745
199 0.38204410889485674 0.22706867398603559
199 0.20653394221335342 0.7154805832630043
199 0.27962209566715246 0.7529576189479256
199 0.8671526078391181 0.46180079982323763
199 0.6132743148950498 0.15810865322704737
199 0.1721647746402204 0.13924179743498644
199 0.4962394070635907 0.38126271331365147
199 0.9933332012711465 0.15703438773133271
199 0.7174812203398377 0.4142107379139556
199 0.14333504695975696 0.9192183033941898
199 0.8645068949312452 0.3636206494001991
199 0.8230632098130312 0.49676719838226746
199 0.17345780759016305 0.3171410484189706
199 0.1442599058963402 0.1316799743336503
199 0.4480287737977541 0.1513220707825329
199 0.4298149910125476 0.5903925457190531
11.903016069305874 100
1.2488761150799348 100
0.28642750022437463 100
0.26741313239984743 100
0.2809789409399451 100
0.23010706906431297 100
0.1872563906399682 100
0.17364738319766487 100
0.16273217418737088 100
0.1501588352074522 100
0.13180463762848663 42
0.12350635643420547 67
0.109591077724672 67
0.10272943538615094 67
0.09739572617446308 42
0.09227151164057723 67
0.08799019804068944 67
0.08283002161632469 67
0.07757512382280508 67
0.067385177108949 67
0.06435915489860228 67
0.06161078519579336 67
0.05862224567906744 67
0.05574345005996844 67
0.0529663397821297 67
0.05054493970537693 67
0.04834513292670151 66
0.046870604520848805 66
0.045724364320591154 66
0.04492935539592244 66
0.0445743645083538 66
0.04460317477055983 168
0.04496340946821569 43
0.04510261760300546 88
0.04515388080175907 15
0.04516573141384116 191
0.04516521555784508 174
0.04524541083931969 174
0.045343078478753726 1
0.045567303393962 56
0.04576295324503907 108
0.04626669623024711 108
0.047024098216798906 49
0.047356574002304745 83
0.04784545039649557 83
0.048681770362200914 83
0.04985705875879727 83
0.05142392827541269 83
0.05341578611100997 83
0.05590183470717516 83
