199 [0.61181862 0.56248738] [0.92120999 0.1102569 ]
199 [0.1452499  0.13212943] [0.59387046 0.16262907]
199 [0.59068419 0.11550799] [0.86274538 0.54188591]
199 [0.27425141 0.97370375] [0.82677206 0.91407164]
199 [0.15594901 0.06198999] [0.87517383 0.30788775]
199 [0.41368833 0.77545438] [0.22918988 0.51022096]
199 [0.86110376 0.22929164] [0.72180017 0.32983655]
199 [0.47774994 0.65465609] [0.76233974 0.84173728]
199 [0.69599866 0.43769452] [0.39637879 0.72523838]
199 [0.26279287 0.05772142] [0.9723301  0.32040876]
199 [0.10198931 0.23646453] [0.94029825 0.39881346]
199 [0.86861013 0.16956115] [0.06006651 0.71763807]
199 [0.18402528 0.20856755] [0.44724458 0.15759504]
199 [0.18330956 0.88952412] [0.94678484 0.33777003]
199 [0.96676456 0.05463251] [0.39440609 0.96289358]
199 [0.63933488 0.82838492] [0.92398921 0.99530024]
199 [0.61241215 0.65507119] [0.7785252  0.80175706]
199 [0.26305028 0.68718652] [0.89199093 0.71852178]
199 [0.48496792 0.02043463] [0.05922323 0.58215468]
199 [0.70880803 0.49244572] [0.71556496 0.18313104]
199 [0.46837568 0.84877145] [0.17651125 0.10055331]
199 [0.58345263 0.38038707] [0.13192157 0.78770282]
199 [0.52933095 0.02778523] [0.59819983 0.16468827]
199 [0.84177129 0.68971994] [0.65009349 0.76399278]
199 [0.27897122 0.18860954] [0.26530337 0.65050496]
199 [0.83962756 0.11556206] [0.68061729 0.36369436]
199 [0.50797204 0.27737866] [0.3356197 0.30356  ]
199 [0.15418797 0.6527801 ] [0.50654586 0.6229406 ]
199 [0.80573269 0.98608463] [0.15542438 0.10624026]
199 [0.3777775  0.88217244] [0.11133589 0.09572871]
199 [0.45177396 0.18888765] [0.40130716 0.97539901]
199 [0.82823702 0.67776416] [0.80105017 0.86410334]
199 [0.3054044  0.64332725] [0.13292454 0.8147959 ]
199 [0.79026407 0.43324485] [0.21061336 0.77622426]
199 [0.89103617 0.03075411] [0.86782136 0.97220146]
199 [0.51400318 0.55336471] [0.49826936 0.61090621]
199 [0.0070797  0.83045599] [0.06269151 0.21638063]
199 [0.92908694 0.0200148 ] [0.98335711 0.19137257]
199 [0.92777941 0.21578584] [0.69808172 0.28503375]
199 [0.29241722 0.94466322] [0.21530413 0.74371524]
199 [0.01009155 0.21270518] [0.63365788 0.34610223]
199 [0.84087814 0.62600184] [0.50119924 0.20088511]
199 [0.33319536 0.55231163] [0.08677056 0.81663619]
199 [0.00513875 0.12117445] [0.49214151 0.14669232]
199 [0.47008358 0.95535577] [0.3351568  0.54705889]
199 [0.412135   0.50698509] [0.67173427 0.30338777]
199 [0.5424649  0.19180951] [0.09098943 0.45549093]
199 [0.00996024 0.79089359] [0.1351022  0.88017872]
199 [0.83856812 0.91992655] [0.11967202 0.81108566]
199 [0.27172762 0.91495531] [0.98979684 0.95505066]
199 [0.58098968 0.61416123] [0.74416332 0.89646644]
199 [0.10917324 0.53716874] [0.86224424 0.44745756]
199 [0.09900684 0.34874488] [0.22720028 0.05556996]
199 [0.46807502 0.67463552] [0.95845655 0.2068053 ]
199 [0.35326949 0.254541  ] [0.15290133 0.91409059]
199 [0.57461368 0.03247037] [0.325196   0.55939715]
199 [0.05447121 0.43823298] [0.62037019 0.57503626]
199 [0.07469297 0.43604392] [0.75022722 0.30383849]
199 [0.08678143 0.57155635] [0.25712498 0.92485578]
199 [0.11217088 0.89906969] [0.14497561 0.28333382]
199 [0.7366993  0.81592679] [0.05029385 0.06208168]
199 [0.30127495 0.83712766] [0.91797204 0.49770663]
199 [0.36738986 0.92174926] [0.09119413 0.17593195]
199 [0.38879288 0.04922464] [0.08847764 0.34092686]
199 [0.99072006 0.43905858] [0.9121007  0.03690426]
199 [0.79404342 0.50351533] [0.01733559 0.89800263]
199 [0.10989889 0.24247359] [0.63615405 0.98877012]
199 [0.75383715 0.60098572] [0.64068517 0.07370768]
199 [0.80876466 0.35876122] [0.62078965 0.02628668]
199 [0.77353738 0.34166835] [0.82105105 0.54085583]
199 [0.94674175 0.08969147] [0.71369779 0.03305159]
199 [0.96655782 0.29014439] [0.30672397 0.77550792]
199 [0.14458473 0.92957557] [0.55418758 0.24892541]
199 [0.3817753  0.46857812] [0.76643747 0.8369722 ]
199 [0.61511901 0.54683751] [0.23403153 0.67394896]
199 [0.92803595 0.33774072] [0.05874751 0.50965015]
199 [0.87384451 0.6041705 ] [0.31612368 0.64741606]
199 [0.23090362 0.07168488] [0.92442579 0.78795103]
199 [0.42789204 0.4546627 ] [0.99435434 0.94500245]
199 [0.80856687 0.88027498] [0.87070615 0.05219119]
199 [0.65928908 0.84397271] [0.08162652 0.07869249]
199 [0.15971255 0.10491253] [0.53791322 0.48731123]
199 [0.18442877 0.04279941] [0.0858048  0.97784505]
199 [0.52381159 0.22741289] [0.22179866 0.15632637]
199 [0.76045989 0.6359108 ] [0.95201726 0.77121496]
199 [0.77013502 0.29513412] [0.35622715 0.91361817]
199 [0.44839708 0.68826434] [0.05362044 0.00868601]
199 [0.34015064 0.63850544] [0.16994179 0.64008565]
199 [0.80037699 0.66411975] [0.86199756 0.00612693]
199 [0.72883309 0.06276636] [0.56127099 0.69811253]
199 [0.07744197 0.7894941 ] [0.58303815 0.01031007]
199 [0.10643192 0.71102983] [0.71326978 0.15498425]
199 [0.93330888 0.88651459] [0.84372577 0.76784463]
199 [0.39548731 0.50256311] [0.55020721 0.90629099]
199 [0.31247552 0.01996158] [0.74219602 0.77153166]
199 [0.48715914 0.64863976] [0.18800081 0.50150586]
199 [0.2193794 0.6447698] [0.6068768  0.45028478]
199 [0.61321514 0.33200118] [0.15621934 0.7505443 ]
199 [0.20729565 0.96055252] [0.21998428 0.86213113]
199 [0.16836474 0.84412103] [0.41331423 0.52110065]
199 [0.98827516 0.63471445] [0.7008447  0.16483255]
199 [0.57496544 0.58804498] [0.77684387 0.33194374]
199 [0.37554406 0.37122996] [0.84293088 0.37273728]
199 [0.37887805 0.42455415] [0.56345054 0.43401752]
199 [0.63991686 0.45032986] [0.4195248  0.27485334]
199 [0.78915734 0.51578136] [0.35746934 0.99111301]
199 [0.74426612 0.11815913] [0.94977372 0.51995465]
199 [0.36973288 0.24072604] [0.46675343 0.49866005]
199 [0.80583821 0.02363726] [0.68742619 0.33461717]
199 [0.19383031 0.74098536] [0.97265043 0.55049941]
199 [0.52600738 0.08841702] [0.77265549 0.71693737]
199 [0.15624417 0.34610635] [0.0473701  0.06314435]
199 [0.39768503 0.14378222] [0.54098189 0.77874403]
199 [0.13277594 0.7735233 ] [0.83270517 0.13036644]
199 [0.34514542 0.34165191] [0.54831989 0.42797616]
199 [0.70940625 0.93936138] [0.58005852 0.40195032]
199 [0.4549256  0.53930089] [0.87511366 0.77678366]
199 [0.18302565 0.56656313] [0.10231082 0.33118119]
199 [0.99981499 0.38149576] [0.18527659 0.44211661]
199 [0.68429303 0.60218186] [0.5865687  0.24844677]
199 [0.28569384 0.79298256] [0.99053839 0.07676665]
199 [0.65324555 0.93284462] [0.95955474 0.65685236]
199 [0.25171607 0.5426175 ] [0.97596179 0.33240042]
199 [0.47677831 0.02674377] [0.94399491 0.41356427]
199 [0.03042416 0.12173966] [0.46358004 0.39053838]
199 [0.06296293 0.66808245] [0.49982533 0.94791313]
199 [0.54384098 0.2515689 ] [0.45265712 0.12752543]
199 [0.44721787 0.00547488] [0.45199927 0.28265101]
199 [0.51956779 0.54001265] [0.19140809 0.10655926]
199 [0.03996331 0.10669158] [0.55978184 0.25212333]
199 [0.04113237 0.29410068] [0.58284694 0.19942478]
199 [0.78388343 0.54861409] [0.32605802 0.60061083]
199 [0.13462602 0.29061223] [0.11603058 0.85085109]
199 [0.86387012 0.81334147] [0.81202583 0.07691687]
199 [0.13549127 0.8019541 ] [0.96556253 0.84543443]
199 [0.97019291 0.10427212] [0.8461422  0.93698109]
199 [0.43039386 0.87368963] [0.90554465 0.72040942]
199 [0.04455414 0.87923673] [0.40346437 0.00327881]
199 [0.03974434 0.45031126] [0.10502395 0.54458383]
199 [0.73681694 0.28183255] [0.21667263 0.6011847 ]
199 [0.12729314 0.72988728] [0.70062385 0.20433048]
199 [0.29288301 0.14468045] [0.0153739  0.23431737]
199 [0.70183514 0.48389472] [0.34808323 0.49680466]
199 [0.90486075 0.69039638] [0.01474541 0.32208895]
199 [0.81450756 0.53261055] [0.27315841 0.51609849]
199 [0.88620454 0.98380565] [0.39138624 0.18548361]
199 [0.89526282 0.07111619] [0.4124234  0.82067745]
199 [0.36673713 0.1298774 ] [0.47908138 0.07405101]
199 [0.57908566 0.7864906 ] [0.51957002 0.89355719]
199 [0.76379531 0.38970645] [0.4843983  0.00877567]
199 [0.34683824 0.52682279] [0.40913602 0.65549937]
199 [0.76078485 0.95737537] [0.92373295 0.43147512]
199 [0.63987377 0.18268455] [0.65440719 0.3566121 ]
199 [0.99083372 0.83618823] [0.72628221 0.22183435]
199 [0.51604349 0.04681655] [0.11417236 0.81805476]
199 [0.84759398 0.12088125] [0.11069136 0.52557498]
199 [0.88839391 0.42072192] [0.65446037 0.09373018]
199 [0.19696808 0.17915112] [0.50183275 0.55327073]
199 [0.3901879  0.96517732] [0.10809791 0.13043086]
199 [0.88822041 0.95375965] [0.03801449 0.91246127]
199 [0.00371846 0.78849084] [0.48288968 0.28207299]
199 [0.55411376 0.13925041] [0.00858976 0.72962849]
199 [0.95547999 0.95022632] [0.90245861 0.91405521]
199 [0.12366533 0.1064113 ] [0.63905563 0.33746704]
199 [0.40864988 0.90502305] [0.07097095 0.71707397]
199 [0.01283589 0.90601455] [0.63057828 0.50239302]
199 [0.88325546 0.85607924] [0.81303264 0.51921692]
199 [0.01218225 0.95918486] [0.47120312 0.0466655 ]
199 [0.19165842 0.94484685] [0.29858394 0.05583133]
199 [0.32203804 0.56206517] [0.55393308 0.52988617]
199 [0.48191358 0.07312716] [0.96290271 0.11154826]
199 [0.77535633 0.76408473] [0.96632893 0.20293123]
199 [0.81262777 0.02186229] [0.72303617 0.53765469]
199 [0.45136615 0.33867519] [0.34714735 0.17797024]
199 [0.22487594 0.94734858] [0.16090542 0.48738564]
199 [0.43284408 0.73870665] [0.7512782 0.18803  ]
199 [0.98542593 0.83632545] [0.9472801  0.35372397]
199 [0.52833464 0.79545268] [0.87446835 0.65841726]
199 [0.44605143 0.14704032] [0.47441489 0.04604708]
199 [0.6849237  0.23828701] [0.89924357 0.28925873]
199 [0.50604195 0.9895746 ] [0.07643681 0.466931  ]
199 [0.97189321 0.02524956] [0.56489389 0.91757873]
199 [0.98301186 0.76524681] [0.36806658 0.78568403]
199 [0.31967054 0.86124215] [0.90396785 0.64436307]
199 [0.55278206 0.18192412] [0.19726755 0.26442445]
199 [0.56162299 0.90148612] [0.46613763 0.64145592]
199 [0.75469899 0.06711411] [0.25092738 0.980011  ]
199 [0.82482822 0.72031101] [0.99068557 0.71035364]
199 [0.01166988 0.32876257] [0.07118707 0.69860953]
199 [0.30641662 0.18039116] [0.78687763 0.845027  ]
199 [0.01053872 0.94166707] [0.2003263  0.20069086]
199 [0.73200991 0.7208817 ] [0.0897376  0.55028031]
199 [0.32197111 0.74352889] [0.95552594 0.66781803]
199 [0.71077223 0.81563578] [0.40942821 0.5308529 ]
199 [0.23285544 0.90976363] [0.18652763 0.44717803]
199 [0.47229117 0.05651494] [0.39174984 0.15123703]
199 [0.20421274 0.72942718] [0.62306582 0.29172347]
199 [0.8334666  0.04984432] [0.56633994 0.53987674]
199 [0.75976788 0.91400981] [0.32588073 0.05702971]
199 [0.23784047 0.47170317] [0.20677776 0.56479219]
0.021864941484001667 105
0.021076359565292847 105
0.020444562007968792 105
0.019860734603653646 105
0.01931105359835568 105
0.018780832648498676 105
0.01829832738052886 105
0.017794584438864672 105
0.017264970186894258 105
0.016682887630373195 105
0.016066439058847675 105
0.015523962099074204 105
0.015095103834453807 105
0.014706458647346984 105
0.014321557766593117 105
0.0140232337043013 105
0.013768612696651831 105
0.013565240424980977 105
0.01339949134620781 105
0.01322947956945666 105
0.01307075394699211 105
0.012859476778493643 105
0.01267835298161196 105
0.012563658605343746 105
0.012522045285224897 66
0.012531064084571567 85
0.012556957928459404 33
0.012591410521559158 131
0.012584393585582278 96
0.012595355539110724 143
0.012622349275432805 171
0.012631437703278948 167
0.012635041374624545 137
0.012653863290759279 90
0.012682708329754697 88
0.01275458168630632 88
0.012802407893936558 149
0.012905161332570674 149
0.013079659110876257 149
0.0132354778264874 70
0.013467749168597897 70
0.013806618362793375 70
0.014272837843464612 70
0.01489196217960422 70
0.015690199129787794 70
0.016703317838795854 70
0.01795789054747629 70
0.019486927666740143 70
0.021295219423157704 70
0.023400219937469473 70
