199 [0.0338505  0.58116362] [0.01657213 0.66597753]
199 [0.80744602 0.46320105] [0.37056453 0.09721418]
199 [0.94451578 0.78025849] [0.74156187 0.29439528]
199 [0.62693386 0.84233085] [0.79675588 0.23791964]
199 [0.01001348 0.12704357] [0.50509084 0.18564291]
199 [0.72839611 0.56794941] [0.88942398 0.16110793]
199 [0.11942918 0.24005619] [0.61094925 0.31466203]
199 [0.04231843 0.26119412] [0.54937898 0.47026047]
199 [0.41192705 0.02353938] [0.29395808 0.70327233]
199 [0.51306936 0.71535587] [0.81523492 0.76340483]
199 [0.08708699 0.69948722] [0.10311912 0.05163025]
199 [0.8863294  0.41836532] [0.04063851 0.35536282]
199 [0.21674064 0.31729167] [0.53669242 0.85003235]
199 [0.55312618 0.61092127] [0.11075441 0.50202359]
199 [0.71827765 0.86622515] [0.69795331 0.27641121]
199 [0.93108946 0.32697733] [0.8910998  0.03356448]
199 [0.00294459 0.44245139] [0.14527608 0.28193448]
199 [0.92862309 0.97711727] [0.2140552  0.02256201]
199 [0.47366204 0.84173127] [0.37112011 0.89127205]
199 [0.20888376 0.44357878] [0.11675023 0.92458959]
199 [0.83998636 0.39663845] [0.03619667 0.11427752]
199 [0.35095348 0.24426991] [0.38168853 0.12273228]
199 [0.69647629 0.89441784] [0.70752135 0.67009024]
199 [0.74750556 0.94448009] [0.34790129 0.56592872]
199 [0.51769865 0.62681745] [0.64085707 0.93218617]
199 [0.6493609  0.82578933] [0.56264674 0.95161719]
199 [0.1342549  0.47841342] [0.25780206 0.13007242]
199 [0.85649833 0.01930735] [0.91942563 0.37741587]
199 [0.81695366 0.33520647] [0.70856607 0.88287032]
199 [0.02385084 0.91702887] [0.52211405 0.50666041]
199 [0.71300974 0.0244751 ] [0.35637132 0.9288075 ]
199 [0.30238145 0.58825759] [0.82812454 0.5397543 ]
199 [0.73198294 0.77297466] [0.71658036 0.18416647]
199 [0.68649909 0.31575815] [0.77503004 0.87339671]
199 [0.3558866  0.81129893] [0.04033506 0.42134273]
199 [0.90383679 0.48890897] [0.23967415 0.50053525]
199 [0.55356158 0.02806401] [0.48962736 0.29323924]
199 [0.76438951 0.28197017] [0.95011508 0.80882881]
199 [0.4864389  0.22928106] [0.83386992 0.69785463]
199 [0.9470269  0.24860981] [0.51871725 0.75097223]
199 [0.18479993 0.67787961] [0.71895239 0.76595418]
199 [0.73140267 0.52466212] [0.37270759 0.66485006]
199 [0.56361658 0.17903769] [0.77902039 0.11673914]
199 [0.3269032  0.04859437] [0.8585052 0.4500882]
199 [0.0139468  0.54318927] [0.18664043 0.36599674]
199 [0.26460043 0.61133453] [0.69475493 0.1744028 ]
199 [0.28241479 0.73109631] [0.43114891 0.59206832]
199 [0.83796035 0.66458447] [0.19960081 0.92971632]
199 [0.55464954 0.78799664] [0.04181036 0.21113258]
199 [0.38257056 0.5722297 ] [0.31075308 0.88591921]
199 [0.28581919 0.56778323] [0.75492792 0.06362007]
199 [0.80356057 0.03050533] [0.74402884 0.64981678]
199 [0.05073832 0.64644147] [0.53620635 0.1849118 ]
199 [0.66883118 0.53857951] [0.12261626 0.97169168]
199 [0.24069106 0.16698035] [0.27810941 0.44627473]
199 [0.7187143 0.4941345] [0.21236708 0.19208889]
199 [0.75210738 0.78265477] [0.2654597 0.694257 ]
199 [0.38698525 0.92367739] [0.3178076  0.11434691]
199 [0.18737021 0.40660397] [0.03021575 0.54553805]
199 [0.45625301 0.75980689] [0.93455551 0.30099686]
199 [0.71944055 0.07277441] [0.92337192 0.2900353 ]
199 [0.34149698 0.36527311] [0.01083597 0.53512688]
199 [0.87290059 0.16949311] [0.93772016 0.39162372]
199 [0.45883959 0.79221789] [0.51571105 0.77484473]
199 [0.40535663 0.84338072] [0.26876392 0.52680895]
199 [0.12057314 0.80089979] [0.42131658 0.45007049]
199 [0.91225265 0.78468522] [0.20233871 0.80953739]
199 [0.10099049 0.0440111 ] [0.70774829 0.83472684]
199 [0.73406979 0.30689022] [0.27963684 0.07757508]
199 [0.58515956 0.91880218] [0.78326021 0.41472756]
199 [0.47931293 0.72316745] [0.39575384 0.0450317 ]
199 [0.34789421 0.18953863] [0.2484157  0.29908879]
199 [0.69691628 0.84328222] [0.51773364 0.19865923]
199 [0.20142574 0.72185685] [0.81134667 0.62642474]
199 [0.21980283 0.19630319] [0.25874047 0.97551069]
199 [0.09485052 0.13069861] [0.98801299 0.04280436]
199 [0.02789521 0.50055715] [0.55356897 0.46333039]
199 [0.95465295 0.03429785] [0.75733857 0.92207655]
199 [0.23752632 0.95468296] [0.5979216  0.48579859]
199 [0.93270058 0.78046369] [0.50089831 0.76754422]
199 [0.08998782 0.13741253] [0.79377594 0.62025806]
199 [0.71851866 0.46624098] [0.37088813 0.87685945]
199 [0.09946092 0.09681918] [0.05785728 0.28949065]
199 [0.88994518 0.6447186 ] [0.80610346 0.81717593]
199 [0.18996661 0.69809264] [0.93637121 0.51150557]
199 [0.8221119  0.68041084] [0.33561776 0.47609733]
199 [0.23027459 0.09027292] [0.46971623 0.40451712]
199 [0.63772586 0.94177612] [0.79427164 0.53756194]
199 [0.42097034 0.85662455] [0.05898016 0.85350507]
199 [0.69978492 0.03344191] [0.36358545 0.87995596]
199 [0.1939343  0.20865791] [0.35442715 0.95295571]
199 [0.84951169 0.41517546] [0.76280076 0.64068247]
199 [0.57441728 0.97258337] [0.63652591 0.37875205]
199 [0.43934379 0.74491374] [0.55420145 0.3693063 ]
199 [0.2656752  0.50833856] [0.65575637 0.8222709 ]
199 [0.23140424 0.21728828] [0.60831635 0.79517044]
199 [0.95381841 0.12395479] [0.35237851 0.49825344]
199 [0.76603077 0.98738662] [0.23217409 0.65111154]
199 [0.32730218 0.09680629] [0.27411378 0.65543596]
199 [0.52507883 0.22266329] [0.30773681 0.272403  ]
199 [0.44480971 0.15183455] [0.51242357 0.56780042]
199 [0.63891491 0.75112538] [0.62239665 0.56307518]
199 [0.39237962 0.55298293] [0.75590254 0.08702509]
199 [0.1631073  0.32612356] [0.75487026 0.15834652]
199 [0.94540798 0.69833517] [0.07331318 0.24452357]
199 [0.35563821 0.36544205] [0.01700761 0.83686152]
199 [0.92615694 0.94746244] [0.81634468 0.20340511]
199 [0.9417202  0.97572982] [0.37846225 0.35887938]
199 [0.92532425 0.58798774] [0.13755653 0.33406324]
199 [0.29585272 0.29759344] [0.02141186 0.37922971]
199 [0.55592878 0.59242718] [0.70850875 0.92928058]
199 [0.26855585 0.83416885] [0.01521422 0.9193984 ]
199 [0.54474446 0.78057147] [0.70181728 0.5433914 ]
199 [0.04792348 0.15532456] [0.25146477 0.48430038]
199 [0.54488881 0.90412592] [0.96636008 0.3006116 ]
199 [0.47954395 0.93441584] [0.44836229 0.66855902]
199 [0.08297246 0.63273084] [0.90393675 0.91664389]
199 [0.00158783 0.83503817] [0.62543355 0.72176081]
199 [0.2014862  0.99413569] [0.83006846 0.7711733 ]
199 [0.77138275 0.80327064] [0.45450698 0.66904766]
199 [0.05262083 0.54134784] [0.15741586 0.50661784]
199 [0.64820486 0.02544569] [0.37252132 0.95663545]
199 [0.13820109 0.10177911] [0.83211057 0.84458228]
199 [0.55413193 0.18280722] [0.67830228 0.12031204]
199 [0.76764454 0.29413111] [0.0330262  0.35575933]
199 [0.29822802 0.57596654] [0.27332418 0.57563433]
199 [0.97889428 0.54170989] [0.05264346 0.08071812]
199 [0.92109694 0.23054303] [0.58944856 0.21913562]
199 [0.14246582 0.66597428] [0.40797643 0.13113757]
199 [0.19846028 0.45075173] [0.56306536 0.8917679 ]
199 [0.54136166 0.43685821] [0.67297246 0.69349056]
199 [0.82266937 0.99969906] [0.61118488 0.05281921]
199 [0.08020504 0.10922447] [0.66750733 0.75926148]
199 [0.80292636 0.63522606] [0.50386809 0.49093589]
199 [0.17167779 0.32547315] [0.35098061 0.66772102]
199 [0.13181856 0.61737811] [0.39861951 0.06018836]
199 [0.0249254  0.04052317] [0.04156785 0.10381203]
199 [0.71254573 0.85425948] [0.32279518 0.17169235]
199 [0.02452599 0.49037861] [0.26767138 0.02993424]
199 [0.80786066 0.68596939] [0.57456799 0.78824726]
199 [0.66949316 0.24243447] [0.09562566 0.74133891]
199 [0.48619418 0.36426651] [0.17327642 0.87756854]
199 [0.29755354 0.76370112] [0.46049207 0.463326  ]
199 [0.24556074 0.46139739] [0.99200824 0.90259366]
199 [0.06108783 0.81379462] [0.47989874 0.1791928 ]
199 [0.22143682 0.07143589] [0.77307657 0.46946444]
199 [0.43210057 0.03147514] [0.63512701 0.6596422 ]
199 [0.3629238 0.9739372] [0.79231898 0.42359551]
199 [0.07622719 0.92007695] [0.85290636 0.58646554]
199 [0.4531559  0.70324227] [0.20507518 0.05673189]
199 [0.55991587 0.7926112 ] [0.91436324 0.49131553]
199 [0.91600587 0.7815681 ] [0.99046433 0.52878551]
199 [0.65692457 0.37600461] [0.17571657 0.42184071]
199 [0.87679675 0.52624727] [0.59750113 0.64039084]
199 [0.70670899 0.81124037] [0.86372138 0.86037644]
199 [0.55772937 0.84768065] [0.40073526 0.49786967]
199 [0.82500474 0.11003146] [0.06942448 0.51302484]
199 [0.31241079 0.01470344] [2.62592693e-04 9.72695007e-01]
199 [0.66690902 0.71234926] [0.3325248  0.02152719]
199 [0.19634266 0.56904745] [0.37415365 0.7147072 ]
199 [0.20957906 0.27583667] [0.85448899 0.32165014]
199 [0.36069444 0.81203856] [0.51896233 0.94766731]
199 [0.62749412 0.51101519] [0.30932254 0.96459334]
199 [0.9788677  0.67107621] [0.35000554 0.03988637]
199 [0.74272696 0.60971674] [0.70736428 0.68939582]
199 [0.2925912  0.62162965] [0.73528675 0.80759318]
199 [0.74314666 0.85598476] [0.98750908 0.23098745]
199 [0.85016548 0.47260115] [0.02127318 0.9936662 ]
199 [0.31756438 0.80897189] [0.39508801 0.79082754]
199 [0.76211179 0.97201651] [0.06141648 0.43290245]
199 [0.96099179 0.26633369] [0.83953921 0.2422346 ]
199 [0.84130454 0.62722029] [0.49488558 0.44816356]
199 [0.20063533 0.74027267] [0.31633337 0.07279939]
199 [0.3292136  0.16623851] [0.44121755 0.2247264 ]
199 [0.29875733 0.61971418] [0.21547176 0.99157591]
199 [0.75730769 0.02431484] [0.73638037 0.60370767]
199 [0.02156955 0.68360853] [0.34632125 0.73271884]
199 [0.90260404 0.44496855] [0.17789889 0.01176306]
199 [0.94528652 0.95993421] [0.68233207 0.20640745]
199 [0.29762993 0.66843265] [0.18950774 0.13929528]
199 [0.30789117 0.75070878] [0.68198928 0.02623383]
199 [0.09115342 0.98279546] [0.46620991 0.86676753]
199 [0.26807763 0.11096977] [0.99001812 0.44394273]
199 [0.28014448 0.68606184] [0.46890951 0.67629847]
199 [0.6832494  0.05537527] [0.86684814 0.41327625]
199 [0.68431158 0.55067242] [0.13620653 0.38763283]
199 [0.88779165 0.62668359] [0.18560544 0.65296174]
199 [0.20022938 0.9965907 ] [0.23040987 0.47732684]
199 [0.2680604  0.06638769] [0.2250322  0.92388384]
199 [0.07428411 0.04109874] [0.25779676 0.69263928]
199 [0.58588714 0.49859761] [0.65951245 0.63851658]
199 [0.55307144 0.51217962] [0.95401895 0.85418246]
199 [0.90184669 0.60309622] [0.12583109 0.65854174]
199 [0.54573862 0.83465564] [0.54728363 0.4662718 ]
199 [0.07556341 0.89176283] [0.44619361 0.04315331]
199 [0.79145657 0.57667331] [0.55749992 0.56456957]
199 [0.36480169 0.22890121] [0.42927723 0.78047531]
199 [0.43908298 0.03307843] [0.65043823 0.0192474 ]
199 [0.25008476 0.1987723 ] [0.61023163 0.42483987]
199 [0.31095464 0.66205786] [0.77057687 0.39568885]
10.742079108649033 157
10.734513508783587 157
10.72679486670969 157
0.11821014634989868 157
0.08523030135280626 157
0.08106447869077629 157
0.07796271300065524 157
0.07426315660448593 157
0.06848037592716066 157
0.06307011762534123 157
0.058870541826238375 157
0.054399166645870634 157
0.05046118128478663 157
0.047431371194530024 157
0.044902142899366976 157
0.04255621128064905 74
0.04079541184043503 74
0.03935390057189228 167
0.03832052163085058 167
0.03730360685364591 167
0.03647717532325484 167
0.035825002897359716 167
0.03528233863905289 167
0.03488473358738289 162
0.034834504826551545 176
0.034703828392518496 101
0.03459778734363884 34
0.03449095713773707 2
0.034437911471158995 72
0.03444104121042707 57
0.03444337670563803 17
0.03449910516934022 158
0.03465709458476099 138
0.034731128101521916 177
0.034975014956509835 177
0.03536873498201533 75
0.03538535098492115 197
0.03548111840524537 197
0.0357363557704234 197
0.03616822930496237 197
0.03677734802817994 197
0.037575032114476235 197
0.03858186643508847 197
0.03981266414039645 197
0.04127921885224719 197
0.04299057103935024 197
0.04494472749770535 197
0.04717145358971715 197
0.049664333502084795 197
0.0524290284291642 197
