0 [0.74435002 0.02990879] [0.27886714 0.75951486]
1 [0.23624295 0.39992854] [0.21693094 0.39903174]
2 [0.60989244 0.3804835 ] [0.20759647 0.45471886]
3 [0.60670204 0.72977096] [0.06098818 0.48911486]
4 [0.16402013 0.01995784] [0.13851235 0.31181982]
5 [0.18946471 0.27526217] [0.69658889 0.92318812]
6 [0.08526984 0.12080521] [0.31372238 0.99649776]
7 [0.69512132 0.09893841] [0.73446588 0.3059954 ]
8 [0.19275147 0.58672209] [0.07447453 0.92815998]
9 [0.89034084 0.54178238] [0.26252028 0.53675323]
10 [0.47869242 0.67930337] [0.99043995 0.02617988]
11 [0.63956293 0.63788721] [0.82375044 0.12322007]
12 [0.54243586 0.39727049] [0.45547328 0.55075104]
13 [0.68981728 0.68004523] [0.86536069 0.38849676]
14 [0.71046056 0.91957597] [0.13302722 0.06160055]
15 [0.71306757 0.5539882 ] [0.31540469 0.9111284 ]
16 [0.6320823  0.86500311] [0.51989012 0.66003686]
17 [0.44778561 0.52590433] [0.55752824 0.16709874]
18 [0.03873838 0.25946945] [0.49031023 0.38595634]
19 [0.54074709 0.18558766] [0.32474004 0.16051956]
20 [0.783838  0.2917417] [0.71924455 0.0904468 ]
21 [0.69297378 0.48749155] [0.03804839 0.11517967]
22 [0.301786   0.61929761] [0.50842515 0.63858054]
23 [0.01590988 0.91508266] [0.94908068 0.36618226]
24 [0.88321932 0.80747388] [0.34483525 0.86295148]
25 [0.71105686 0.4529641 ] [0.08084575 0.66809352]
26 [0.4945717  0.38267529] [0.19325081 0.27866594]
27 [0.12959936 0.87735407] [0.29449969 0.58969773]
28 [0.12706132 0.58730822] [0.21042537 0.2451311 ]
29 [0.78868645 0.44704143] [0.46556941 0.48879275]
30 [0.17525778 0.60510032] [0.23490612 0.01809979]
31 [0.58229696 0.7891724 ] [0.61016677 0.10942701]
32 [0.82730275 0.87336931] [0.64239914 0.69073918]
33 [0.91026204 0.66952624] [0.93640083 0.23118059]
34 [0.81765833 0.28345487] [0.81631566 0.05438714]
35 [0.777466   0.77879653] [0.46312359 0.21826498]
36 [0.50049546 0.5536324 ] [0.23424071 0.86995971]
37 [0.50372077 0.33644432] [0.73194296 0.64377666]
38 [0.6915863  0.50270387] [0.28279786 0.22318484]
39 [0.7731332 0.5767453] [0.94371271 0.01397516]
40 [0.99810323 0.23226145] [0.10946838 0.81045277]
41 [0.23007682 0.52699821] [0.87266299 0.41221745]
42 [0.82435485 0.91361742] [0.44336578 0.32705942]
43 [0.04690718 0.08917234] [0.55749924 0.17303572]
44 [0.60777309 0.11070918] [0.57381751 0.12508475]
45 [0.32825071 0.36270438] [0.22018948 0.79008042]
46 [0.0482645  0.27659817] [0.53508956 0.63077363]
47 [0.12608654 0.65783319] [0.02398595 0.84749741]
48 [0.57804678 0.54528034] [0.66716244 0.94439624]
49 [0.47360963 0.16259342] [0.01101192 0.80330924]
50 [0.58137554 0.3160757 ] [0.2018256  0.21596278]
51 [0.36033183 0.10839178] [0.80127255 0.10446046]
52 [0.68997823 0.46995112] [0.73558636 0.46987602]
53 [0.8838232  0.97716238] [0.41655748 0.7816206 ]
54 [0.96211948 0.94162546] [0.78889338 0.85888412]
55 [0.5757599  0.54181822] [0.42103069 0.49239232]
56 [0.66716454 0.72926557] [0.92301001 0.2204364 ]
57 [0.76356167 0.85399705] [0.93362234 0.2474491 ]
58 [0.28929956 0.73107811] [0.03953244 0.74152708]
59 [0.49322721 0.53654854] [0.68816946 0.27744832]
60 [0.03292129 0.21755324] [0.14877465 0.47732557]
61 [0.93678274 0.02372495] [0.84082127 0.71975752]
62 [0.33970296 0.37020277] [0.6355067  0.69286616]
63 [0.88118682 0.77543793] [0.6690682  0.92177957]
64 [0.25412782 0.9960435 ] [0.39319688 0.62919608]
65 [0.12901881 0.32090457] [0.2853219  0.58715696]
66 [0.67163871 0.24317685] [0.58596282 0.91097454]
67 [0.70651376 0.21038061] [0.34631231 0.04725823]
68 [0.08270421 0.51172284] [0.09197307 0.77917045]
69 [0.89106181 0.11959765] [6.44171368e-04 9.06199745e-01]
70 [0.35371583 0.49237517] [0.48847233 0.70350823]
71 [0.43818055 0.06496743] [0.19787039 0.18426681]
72 [0.09913429 0.00602419] [0.48727444 0.57302983]
73 [0.61013989 0.01188923] [0.06193996 0.61843057]
74 [0.78783978 0.08483277] [0.36522364 0.59445057]
75 [0.38864051 0.07487382] [0.09185874 0.44350478]
76 [0.9725973  0.35270707] [0.44641317 0.74422832]
77 [0.85911593 0.32653918] [0.1228249  0.97091189]
78 [0.8583782  0.71783807] [0.405465   0.71759443]
79 [0.89885873 0.71649015] [0.74457789 0.75124798]
80 [0.77579282 0.89217739] [0.19401156 0.0977768 ]
81 [0.44727471 0.43817182] [0.51610822 0.69002102]
82 [0.8759384  0.14218254] [0.29328924 0.91507143]
83 [0.79743688 0.44853736] [0.21175675 0.42538518]
84 [0.61332912 0.18727082] [0.57043823 0.92957045]
85 [0.62331298 0.76955732] [0.35528373 0.33524165]
86 [0.01024356 0.7321171 ] [0.86468266 0.09863671]
87 [0.41416451 0.19287863] [0.01345586 0.75470086]
88 [0.72048345 0.24707122] [0.21536241 0.85330065]
89 [0.96888682 0.49272741] [0.4649756  0.59290154]
90 [0.42006278 0.1823024 ] [0.21736312 0.46846949]
91 [0.74223991 0.81094309] [0.02558295 0.73427255]
92 [0.53325139 0.95461732] [0.35481456 0.2221479 ]
93 [0.33761607 0.75757212] [0.10241889 0.82316978]
94 [0.80297815 0.95273339] [0.8890168  0.18975943]
95 [0.52765208 0.27289617] [0.313629   0.38627312]
96 [0.5523308  0.72582444] [0.03653103 0.18014128]
97 [0.00235223 0.56439097] [0.703558   0.75247003]
98 [0.8741755  0.18440545] [0.58171044 0.17221756]
99 [0.35175669 0.6008337 ] [0.22401753 0.78880881]
100 [0.07979966 0.44148251] [0.55382889 0.86711629]
101 [0.82240168 0.00443168] [0.06407095 0.41897647]
102 [0.39547352 0.75095231] [0.08198655 0.12223849]
103 [0.03213062 0.02428985] [0.77801309 0.18407039]
104 [0.01023042 0.41066025] [0.28489033 0.95189238]
105 [0.16354971 0.21328246] [0.15810567 0.42413909]
106 [0.43321102 0.23957765] [0.6189343  0.50379437]
107 [0.20241644 0.43616972] [0.9849069  0.73014722]
108 [0.82572875 0.63990283] [0.41337108 0.75486142]
109 [0.546144   0.21519906] [0.53032352 0.72608989]
110 [0.0362996  0.73918199] [0.88869845 0.77818613]
111 [0.95093865 0.98209549] [0.78995652 0.16965175]
112 [0.47220949 0.37814365] [0.52540355 0.62322718]
113 [0.02850466 0.59571368] [0.98664186 0.661849  ]
114 [0.85585508 0.10062644] [0.3576781  0.73639775]
115 [0.03038462 0.03815821] [0.39913351 0.57029717]
116 [0.23339766 0.05784346] [0.90295873 0.03082181]
117 [0.02382563 0.54652959] [0.57921233 0.39413265]
118 [0.73179893 0.48954873] [0.88464093 0.68087237]
119 [0.47214542 0.70067016] [0.9671105  0.69260629]
120 [0.1963823  0.37071411] [0.49043308 0.83080777]
121 [0.3043206 0.6634255] [0.59111689 0.3518795 ]
122 [0.20315841 0.16368993] [0.20298605 0.78964064]
123 [0.84881005 0.13935859] [0.967542   0.08133336]
124 [0.70083655 0.9302327 ] [0.13652702 0.50688141]
125 [0.03467734 0.87453007] [0.10579144 0.25198557]
126 [0.35211951 0.22909337] [0.7416933  0.08172597]
127 [0.25028454 0.79488372] [0.45929028 0.70744513]
128 [0.45222531 0.58428568] [0.850103   0.23953592]
129 [0.84134381 0.05949707] [0.83419351 0.95399299]
130 [0.314808   0.69321186] [0.45911446 0.70237579]
131 [0.73714879 0.53145573] [0.43124526 0.35922769]
132 [0.48902856 0.26505141] [0.99760673 0.58228992]
133 [0.13968743 0.55907267] [0.56277531 0.34223219]
134 [0.19394456 0.83440107] [0.57605385 0.95846062]
135 [0.35846378 0.32348156] [0.82205824 0.5420473 ]
136 [0.2953157  0.58631388] [0.56930849 0.07503275]
137 [0.67367029 0.15737041] [0.54626841 0.2902108 ]
138 [0.72651907 0.36047704] [0.60461905 0.30215369]
139 [0.89460992 0.06386333] [0.74433568 0.8808573 ]
140 [0.32417663 0.49868457] [0.81639868 0.86104387]
141 [0.60477206 0.85700863] [0.46866639 0.61908069]
142 [0.13836293 0.6904069 ] [0.47711197 0.19283947]
143 [0.04446991 0.1732729 ] [0.53895492 0.21342506]
144 [0.99594366 0.88394543] [0.94996312 0.24701304]
145 [0.45315733 0.22764812] [0.90031507 0.88277451]
146 [0.32285335 0.24915551] [0.63679725 0.29304257]
147 [0.62430735 0.93856886] [0.40979729 0.67083417]
148 [0.2125075  0.70132262] [0.31251843 0.58159444]
149 [0.22182614 0.28847865] [0.56356951 0.75584964]
150 [0.76521253 0.98180494] [0.16017396 0.79908213]
151 [0.12846481 0.08019377] [0.06590618 0.63362232]
152 [0.12452897 0.06501285] [0.68329535 0.2105256 ]
153 [0.95478341 0.08452988] [0.44039085 0.73854933]
154 [0.38889467 0.57526842] [0.35098856 0.85237406]
155 [0.04545537 0.54462718] [0.32986482 0.86571875]
156 [0.43862154 0.19747264] [0.97856787 0.91128005]
157 [0.31427179 0.41342403] [0.03929657 0.35670041]
158 [0.65982575 0.10468637] [0.95326965 0.87016329]
159 [0.67218305 0.56337468] [0.99928009 0.55035038]
160 [0.6784064  0.24282577] [0.21099841 0.42067135]
161 [0.42544865 0.0510859 ] [0.25769176 0.30691837]
162 [0.52090485 0.03759539] [0.21807349 0.22411256]
163 [0.64183497 0.50968348] [0.61298797 0.98046476]
164 [0.25423501 0.66227205] [0.67762489 0.09017624]
165 [0.13818046 0.00548961] [0.55177909 0.24127348]
166 [0.4349927  0.45944588] [0.50243247 0.08304877]
167 [0.83189634 0.08794812] [0.18705079 0.62628513]
168 [0.77643785 0.64930941] [0.17693458 0.73563199]
169 [0.67882112 0.87664595] [0.29224142 0.53577973]
170 [0.06461741 0.47239976] [0.69625734 0.63417021]
171 [0.58913488 0.43437582] [0.69985572 0.47707915]
172 [0.68328823 0.46549442] [0.82445875 0.09719745]
173 [0.30286663 0.05265019] [0.28919701 0.82549508]
174 [0.52974936 0.21176582] [0.22809211 0.18591767]
175 [0.05733467 0.10065771] [0.52747534 0.8703861 ]
176 [0.76413243 0.16403458] [0.14121445 0.58091144]
177 [0.14074055 0.85595869] [0.298171   0.89540456]
178 [0.48128783 0.21427943] [0.6611735 0.510352 ]
179 [0.66052016 0.68294519] [0.65785879 0.03997892]
180 [0.28204324 0.43318029] [0.89451576 0.75466075]
181 [0.28598083 0.15676475] [0.15643495 0.27412123]
182 [0.64370592 0.75086901] [0.50493909 0.6577025 ]
183 [0.00936139 0.51094066] [0.59249957 0.54727987]
184 [0.74993567 0.29195948] [0.63009918 0.43000433]
185 [0.09597817 0.00293469] [0.26604537 0.48147682]
186 [0.74849973 0.03435887] [0.94369457 0.39257482]
187 [0.54690675 0.42520381] [0.54963945 0.66683646]
188 [0.33626359 0.4140175 ] [0.79759207 0.99567695]
189 [0.82768717 0.79964576] [0.4595783  0.24162717]
190 [0.19989101 0.86777212] [0.31683451 0.18817978]
191 [0.58285961 0.34908583] [0.83399822 0.62525128]
192 [0.65333856 0.86319639] [0.12545055 0.75120645]
193 [0.41666598 0.76906995] [0.22436792 0.10080633]
194 [0.04448529 0.09806226] [0.56603657 0.9621005 ]
195 [0.82846774 0.41692954] [0.2243743  0.94655231]
196 [0.56041651 0.14429346] [0.37883551 0.42320474]
197 [0.92489469 0.08634301] [0.21917631 0.23725681]
198 [0.24740577 0.18108107] [0.49203103 0.82620169]
199 [0.01751353 0.53064945] [0.50105786 0.21622837]
0.1794257992954171 6.0
0.17160667920160466 6.0
0.16570140123616373 6.0
0.15580922612657586 6.0
0.14869022921869843 6.0
0.1440410072812377 6.0
0.14224454892423352 6.0
0.14031568019136723 188.0
0.13918084319289836 163.0
0.1385009250578085 99.0
0.13799699404286797 148.0
0.13740757675764892 3.0
0.13705052050098943 13.0
0.1368715575975579 133.0
0.13671352557070088 33.0
0.1366728120740702 102.0
0.13657290935983804 164.0
0.13658543911822327 10.0
0.1366434642539343 39.0
0.13688756429837584 39.0
0.13736679017401704 39.0
0.13783807325434888 116.0
0.13837347234321906 116.0
0.13909757806176593 116.0
0.1400273824531779 116.0
0.14111481064692594 116.0
0.14237905713860688 116.0
0.14383717448017566 116.0
0.14553231556067536 116.0
0.14743797641845585 116.0
0.1495441726921777 116.0
0.15190085510878182 116.0
0.15455266312509564 116.0
0.15747608126866508 116.0
0.16072960350972648 116.0
0.16430321136709436 116.0
0.16820146847961603 116.0
0.17244941452115475 116.0
0.17703033618886682 116.0
0.1819886583641752 116.0
0.18731057039806537 116.0
0.1930260933887679 116.0
0.1990854244837068 116.0
0.20559940436892504 116.0
0.21256710718119312 116.0
0.2199531102319383 116.0
0.2277652990583962 116.0
0.23601783098872917 116.0
0.2447000003555603 116.0
0.25377933393806074 116.0
